DIT,AMCON Distributing Company Common Stock,NASDAQ
66.43,65.03,66.43,64.10
64.79,62.25,66.25,60.51
62.37,61.55,62.60,61.00
61.77,57.09,61.77,57.03
57.30,59.00,59.92,53.05
60.00,61.50,67.40,60.00
61.39,61.00,63.25,59.05
60.97,62.00,62.00,59.50
61.95,61.20,61.95,60.00
60.35,61.20,61.20,59.05
62.99,64.00,64.00,62.00
63.50,66.00,66.00,63.50
65.99,63.55,65.99,62.00
63.30,62.79,64.00,62.13
62.51,60.85,64.00,60.08
60.63,59.75,60.99,59.75
59.50,58.40,59.50,58.25
58.50,56.25,58.50,55.98
55.62,54.25,55.62,54.05
54.17,55.00,56.50,54.10
55.25,57.00,57.00,55.25
57.19,55.88,57.19,55.49
55.27,55.25,55.82,54.12
54.97,53.25,54.97,53.05
53.50,52.11,53.66,52.11
52.14,52.00,52.93,50.05
51.95,52.16,53.00,51.95
52.00,50.01,52.50,48.61
51.46,49.80,51.46,49.00
50.96,51.25,52.80,50.00
52.44,52.00,54.05,51.75
52.97,52.80,53.00,52.11
53.00,53.50,53.63,53.00
53.50,54.24,54.24,52.60
55.00,55.06,55.41,54.90
55.50,55.50,56.50,55.50
55.75,56.50,56.50,55.75
56.75,57.25,57.90,56.75
56.72,58.36,58.47,56.72
58.83,59.50,59.50,58.55
59.59,60.00,60.00,59.00
59.86,60.44,60.45,59.00
61.00,61.00,61.57,59.00
61.00,61.00,61.00,61.00
62.00,61.57,62.00,61.57
59.62,58.16,61.00,58.16
58.28,57.75,58.97,57.00
58.72,58.72,58.72,58.72
57.00,59.00,59.00,57.00
59.97,58.51,59.97,58.47
58.51,61.97,62.00,58.51
62.10,62.53,62.53,62.10
62.50,62.50,62.50,61.22
62.50,62.50,62.50,62.50
62.65,62.10,62.65,62.10
63.10,62.10,63.10,62.10
60.64,62.00,62.00,60.64
62.00,61.72,62.00,61.72
62.00,61.08,62.00,60.39
60.06,59.27,60.06,57.60
58.10,59.59,59.59,57.10
59.59,59.59,59.59,59.59
59.10,59.33,60.10,59.10
59.33,59.33,59.33,59.33
58.60,58.60,58.60,58.60
58.60,58.60,58.60,58.60
59.74,59.66,60.00,59.10
59.85,59.43,59.85,59.24
59.00,59.37,59.37,58.95
59.37,59.37,59.37,59.37
59.37,59.37,59.37,59.37
59.37,59.37,59.37,59.37
59.75,59.75,59.75,59.75
57.45,55.27,59.02,54.86
55.26,54.49,55.26,54.49
54.52,53.50,54.80,53.50
54.10,53.50,54.10,53.50
52.44,53.03,53.03,52.44
53.01,51.50,53.01,51.30
51.00,51.00,52.00,50.00
51.98,51.17,53.40,50.67
51.03,50.52,51.07,50.25
50.00,49.75,50.01,49.75
50.14,49.83,50.14,49.10
49.11,49.00,49.75,48.00
49.00,47.80,49.17,47.12
47.25,47.44,47.81,46.61
48.70,48.75,48.78,47.55
47.55,49.24,50.63,47.55
49.50,50.91,50.91,49.50
51.38,52.74,52.78,51.38
52.58,52.42,53.08,51.50
52.42,52.42,52.42,52.42
53.50,52.00,53.50,52.00
51.06,51.50,52.00,50.50
49.00,48.50,49.97,48.00
50.00,49.99,50.00,48.50
49.50,50.89,51.47,49.50
49.50,48.80,49.50,48.30
50.00,50.00,50.00,50.00
49.50,48.80,49.50,48.80
49.25,48.55,49.25,48.55
47.70,48.00,48.85,47.70
49.00,48.50,49.00,48.50
48.85,48.99,49.15,48.55
48.80,48.77,49.80,48.51
48.01,48.09,48.09,48.00
49.47,49.43,49.47,49.38
49.43,49.43,49.43,49.43
48.15,51.90,51.90,48.15
51.90,51.90,51.90,51.90
52.25,52.25,52.25,52.25
53.70,53.75,53.75,53.70
53.75,53.77,53.94,53.75
54.25,54.50,54.50,52.85
54.50,54.50,54.50,54.50
54.47,54.47,54.47,54.47
55.00,55.00,55.00,55.00
55.00,57.50,57.50,55.00
58.99,59.00,59.00,57.59
59.00,58.25,59.99,58.25
58.75,59.25,59.25,58.75
57.75,54.70,59.19,54.69
56.75,56.75,56.75,56.75
55.25,54.70,55.25,54.70
54.10,54.20,54.40,54.10
54.30,51.54,55.99,51.54
50.30,51.00,51.41,50.30
50.80,50.95,51.80,50.80
50.40,52.45,52.45,50.40
52.45,52.45,52.45,52.45
52.50,54.99,55.00,52.50
53.52,53.50,53.61,52.00
54.00,53.50,54.02,53.50
53.50,54.00,54.00,53.50
52.00,52.00,52.04,52.00
54.75,56.52,56.52,54.75
57.00,57.00,57.00,57.00
55.78,56.75,56.75,55.75
57.25,59.00,59.00,57.25
58.55,60.99,61.00,57.25
61.25,61.00,62.00,61.00
59.50,58.20,60.99,58.20
61.00,58.10,61.00,58.10
59.00,60.81,60.81,59.00
61.95,61.95,61.95,61.95
61.95,61.95,61.95,61.95
60.53,60.53,60.53,60.53
60.68,60.45,60.68,60.45
60.45,60.45,60.45,60.45
60.00,59.00,60.00,59.00
60.37,58.50,60.40,58.50
57.50,56.05,57.50,56.03
56.00,57.50,57.50,56.00
57.50,57.50,57.50,57.50
56.00,57.50,57.50,56.00
57.51,59.01,59.01,57.51
60.47,60.47,60.47,60.47
60.50,59.24,60.50,59.24
58.00,56.49,58.00,56.00
57.00,57.29,57.29,57.00
57.29,57.29,57.29,57.29
57.24,59.00,59.00,56.19
57.60,59.15,59.15,57.60
59.50,60.65,60.65,59.50
60.65,60.65,60.65,60.65
59.51,60.89,60.89,59.51
60.89,60.00,61.00,60.00
60.00,62.00,62.00,60.00
62.00,62.00,62.00,60.55
61.50,61.75,61.75,61.50
61.89,62.00,62.00,61.89
63.39,60.00,63.39,60.00
60.00,60.00,60.00,60.00
60.00,60.00,60.00,60.00
60.00,60.00,60.00,60.00
60.00,60.00,60.00,60.00
60.00,60.00,60.00,60.00
60.00,60.00,60.00,60.00
60.00,60.00,60.00,60.00
61.01,61.03,61.49,61.01
61.60,61.50,61.60,61.50
61.50,61.50,61.50,61.50
61.39,61.39,61.39,61.39
61.39,61.39,61.39,61.39
61.50,61.50,61.50,61.50
61.39,60.25,62.00,60.25
61.72,61.72,61.72,61.72
61.50,61.50,61.50,61.50
60.11,60.11,60.11,60.11
60.12,60.20,60.70,60.12
61.50,61.90,62.00,61.50
62.00,62.72,62.75,61.90
63.50,64.50,64.50,63.00
63.50,64.60,65.00,63.50
64.90,68.00,68.00,64.90
68.00,68.75,68.75,67.92
68.75,69.00,69.00,68.75
68.50,67.09,68.50,67.09
68.96,68.96,68.96,68.96
67.66,67.66,67.66,67.66
67.66,67.66,67.66,67.66
67.66,67.66,67.66,67.66
68.05,68.05,68.05,68.05
69.00,69.21,69.21,69.00
69.25,68.65,69.25,68.53
69.25,69.25,69.25,69.25
69.00,69.25,69.25,69.00
69.50,69.50,69.50,69.50
69.50,69.50,69.50,69.50
68.50,69.90,70.00,68.50
68.40,71.00,71.00,68.40
71.00,71.00,71.00,71.00
71.00,71.00,71.00,71.00
71.00,71.00,71.00,71.00
71.50,71.50,71.50,70.00
70.01,71.00,71.00,68.66
70.00,70.00,70.00,70.00
70.00,69.50,72.20,69.50
68.00,69.50,69.50,67.01
69.00,71.50,71.50,69.00
71.50,70.75,71.50,70.75
71.50,71.00,72.00,71.00
71.20,70.51,71.20,70.51
71.00,72.01,72.01,71.00
72.00,72.50,72.65,71.60
72.00,72.60,73.50,72.00
73.50,72.50,73.50,72.50
72.60,73.75,73.75,72.60
74.10,74.50,74.50,74.10
74.00,74.00,74.00,74.00
74.00,75.00,75.00,74.00
75.10,75.10,75.50,75.10
75.10,75.71,75.71,74.04
74.07,74.07,74.07,74.07
75.00,75.00,75.00,75.00
74.00,75.10,75.10,72.00
75.11,75.11,75.11,75.11
75.11,75.11,75.14,75.11
75.11,75.11,75.11,75.11
75.10,76.05,77.07,75.10
77.00,77.00,77.00,77.00
77.00,77.00,77.00,77.00
77.00,77.00,77.00,77.00
77.00,78.00,78.00,77.00
78.75,79.00,79.00,77.86
78.95,79.00,79.09,78.95
79.40,79.40,79.40,79.40
79.25,79.48,80.00,79.25
79.98,79.86,80.39,79.76
80.00,80.50,80.50,80.00
80.01,80.01,80.05,80.01
80.00,79.03,80.00,79.00
76.37,76.01,76.75,75.51
76.71,76.00,76.74,75.97
76.25,76.25,76.25,76.25
75.90,77.37,77.37,75.90
75.91,77.19,77.47,75.91
77.19,77.64,78.92,77.19
78.91,79.03,79.78,78.91
78.03,78.00,79.05,78.00
78.55,78.50,78.55,78.50
78.75,80.00,82.37,78.50
79.10,79.01,79.10,79.01
77.85,77.50,78.00,75.00
76.01,77.25,77.25,76.01
77.25,77.25,77.25,77.25
76.00,75.81,76.00,75.76
77.50,80.00,80.00,77.50
79.50,79.50,79.50,79.50
77.00,78.50,78.50,77.00
78.47,78.99,78.99,76.97
78.97,79.00,80.35,78.70
77.20,77.50,80.10,77.20
80.10,79.99,80.24,79.99
80.00,80.35,80.99,78.90
78.87,80.01,80.50,78.87
80.30,80.36,80.36,80.30
80.50,81.17,81.17,80.50
81.10,80.56,81.10,80.56
81.50,82.48,82.49,80.51
81.75,82.75,82.75,81.33
82.52,83.75,83.75,82.52
82.88,82.95,84.50,82.88
82.50,83.00,83.00,82.50
83.97,83.90,83.97,83.74
82.47,82.30,82.50,82.00
82.60,82.60,82.60,82.60
81.17,82.66,82.66,81.17
82.66,82.66,82.66,82.66
82.00,82.00,82.00,82.00
80.50,80.50,80.50,80.50
81.00,80.00,81.00,79.09
80.01,80.00,80.01,80.00
78.50,78.66,78.66,78.30
78.00,78.00,78.00,78.00
77.35,77.35,77.35,77.35
79.41,79.42,79.44,79.41
79.30,79.30,79.30,79.30
77.80,77.45,78.75,77.32
77.75,76.02,77.75,76.01
75.85,75.60,77.05,75.60
75.66,75.66,75.66,75.61
75.98,75.61,76.00,75.61
76.00,74.60,76.00,74.60
75.00,75.25,75.50,74.27
75.25,74.25,75.25,73.61
75.71,75.00,75.71,74.96
76.46,75.85,77.00,75.85
77.00,77.00,77.00,77.00
78.40,78.70,79.95,78.40
78.70,78.70,78.70,78.70
80.20,80.20,80.20,80.00
80.20,80.20,80.20,80.20
80.50,82.50,82.64,80.50
83.25,82.70,83.25,81.88
81.61,83.59,84.10,81.61
82.15,79.85,82.15,79.26
80.25,80.25,80.25,80.25
77.45,78.65,79.35,77.45
77.85,79.00,79.00,77.85
78.03,76.26,78.03,76.26
76.97,77.25,77.25,76.36
77.28,77.28,77.30,77.19
77.25,77.25,77.25,77.25
77.25,77.25,77.25,77.25
77.28,77.76,77.76,77.28
73.00,72.00,73.00,70.00
72.33,73.50,73.50,72.25
73.06,72.75,73.15,72.75
72.75,71.75,73.00,71.75
72.72,71.00,72.72,71.00
71.52,70.02,71.52,70.00
71.02,70.00,71.02,70.00
70.01,69.27,71.00,69.27
70.50,70.00,70.50,70.00
71.00,70.05,71.00,70.05
70.05,70.93,71.05,70.04
71.31,71.31,71.31,71.30
70.75,70.75,70.88,70.75
70.75,70.52,70.75,70.06
70.03,70.29,70.75,69.74
69.32,69.32,69.32,69.32
70.29,69.29,70.29,69.29
68.57,67.51,68.82,67.00
67.52,68.00,68.52,67.52
67.01,66.76,68.00,66.76
67.72,68.40,68.76,67.38
68.41,68.41,68.41,68.41
69.30,69.30,69.30,69.30
67.41,67.65,67.65,67.41
67.65,67.65,67.65,67.65
68.39,68.39,68.39,68.39
68.39,68.39,68.39,68.39
68.40,69.00,69.02,68.40
69.86,70.50,70.50,69.86
71.00,71.50,71.50,71.00
71.95,70.50,71.95,70.50
70.60,70.50,70.60,70.08
70.48,70.65,70.65,70.48
71.45,71.40,71.45,70.65
72.00,70.48,72.00,70.48
70.53,70.71,71.33,70.50
70.50,70.48,70.50,70.48
70.48,70.48,70.48,70.48
70.01,70.00,70.01,69.98
69.00,67.10,69.00,67.10
67.03,66.36,67.03,66.25
66.54,66.54,66.54,66.54
66.54,66.54,66.54,66.54
68.00,69.05,70.00,68.00
69.03,69.03,69.03,69.03
68.50,68.50,68.50,68.50
68.45,68.45,68.45,68.45
69.45,69.45,69.45,69.45
69.45,69.45,69.45,69.45
69.42,69.45,69.45,69.42
69.50,69.50,69.50,69.50
70.50,70.00,70.50,70.00
70.50,69.75,71.50,69.75
69.00,69.75,69.75,69.00
69.75,69.75,69.75,69.75
69.75,69.75,69.75,69.75
68.40,69.51,69.53,68.38
69.50,69.00,69.50,68.22
69.65,69.11,69.70,68.51
69.90,69.10,69.90,69.10
68.56,71.11,71.60,68.56
70.00,70.00,70.00,70.00
67.00,66.10,67.00,65.50
65.51,65.00,65.97,65.00
65.00,65.00,65.00,65.00
64.50,63.00,64.50,63.00
63.00,62.00,63.00,62.00
62.31,64.10,64.10,62.31
64.37,64.38,64.38,64.11
65.36,64.83,65.36,64.83
66.33,65.50,66.33,65.00
65.50,63.46,65.50,63.00
63.00,62.97,63.00,62.97
62.03,60.15,62.03,60.15
60.15,57.06,60.15,56.69
57.25,58.00,58.00,57.00
57.03,57.57,57.57,56.00
58.00,58.00,58.00,58.00
58.82,59.00,59.00,58.79
59.82,58.82,59.82,58.82
58.82,58.82,58.82,58.82
58.82,58.00,58.82,58.00
59.80,58.40,59.80,58.00
57.40,56.75,57.40,56.50
56.78,57.46,57.46,56.75
57.46,57.46,57.46,57.46
57.00,57.00,57.00,57.00
57.75,57.75,57.75,57.75
57.75,57.75,57.75,57.75
59.30,58.75,59.34,58.70
56.76,58.21,58.21,56.76
58.21,60.18,60.18,58.21
60.18,60.18,60.18,60.18
60.18,60.18,60.18,60.18
60.43,61.13,61.13,60.18
60.39,60.16,60.39,60.16
60.16,60.16,60.16,60.16
60.16,60.16,60.16,60.16
59.16,57.20,59.35,56.76
57.20,57.20,57.20,57.20
57.17,58.17,58.17,57.17
58.17,58.98,58.98,58.14
59.00,59.00,59.00,59.00
59.00,59.00,59.00,59.00
58.00,58.00,58.00,58.00
57.00,56.20,57.00,56.20
56.96,56.75,57.00,56.75
56.15,56.03,56.15,56.03
56.03,56.03,56.03,56.03
55.98,56.50,56.50,55.50
56.50,56.50,56.50,56.50
56.50,56.49,56.50,56.49
56.06,56.06,56.06,56.06
56.50,57.00,57.20,56.48
57.00,57.00,57.00,57.00
55.48,55.90,56.01,55.48
55.00,55.40,55.89,54.99
54.99,53.99,55.40,53.99
53.19,53.25,53.53,53.00
52.31,52.31,52.31,52.31
52.97,54.35,55.25,52.97
54.32,54.35,54.35,54.32
54.35,54.35,54.35,54.35
54.35,54.35,54.35,54.35
55.00,55.00,55.00,55.00
55.00,55.00,55.00,55.00
54.95,54.95,54.95,54.95
54.90,54.90,54.90,54.90
54.05,52.68,54.05,52.50
53.60,54.60,54.60,53.56
54.54,53.80,54.54,53.80
54.75,54.75,54.75,54.75
53.99,56.85,56.85,53.94
56.85,56.85,56.85,56.85
55.05,55.05,55.05,55.05
54.40,56.37,56.37,54.40
57.00,56.00,57.00,56.00
55.82,55.82,55.82,55.82
55.82,54.87,55.86,54.87
54.87,54.87,54.87,54.87
56.86,56.86,56.86,56.86
57.75,60.65,60.65,57.75
59.70,60.96,61.00,59.70
61.96,61.96,62.29,61.96
61.92,62.25,62.25,61.92
62.35,62.24,62.35,62.00
62.02,62.47,62.47,61.52
62.47,62.50,62.50,62.47
63.49,62.49,63.49,62.49
61.50,60.83,62.29,60.83
62.44,62.44,62.44,62.44
62.92,60.50,62.92,60.50
61.46,61.46,61.46,61.46
61.95,61.88,61.96,61.05
61.96,62.88,62.88,61.91
61.91,62.00,62.06,61.91
61.01,60.66,61.01,60.66
60.75,60.75,60.80,60.75
60.72,61.71,61.71,60.71
61.71,61.71,61.71,61.71
61.71,61.71,61.71,61.71
60.25,60.74,60.74,60.25
61.00,60.86,61.00,59.86
60.86,60.86,60.86,60.86
60.86,60.86,60.86,60.86
61.86,61.86,61.86,61.86
61.86,61.86,61.86,61.86
61.50,61.25,61.50,61.25
61.70,61.70,61.70,61.70
61.73,61.75,61.75,61.73
61.95,62.00,62.00,61.95
62.75,63.00,63.00,62.75
64.00,64.00,64.00,64.00
63.00,64.24,64.24,63.00
64.50,64.30,64.50,64.30
64.30,64.30,64.30,64.30
64.44,64.40,65.00,64.40
65.01,66.40,66.40,64.61
66.40,66.40,66.40,66.40
66.40,66.50,66.50,66.40
67.00,67.00,67.00,67.00
67.98,68.98,68.98,67.98
68.10,68.49,68.49,68.10
68.60,69.10,69.10,68.60
69.10,69.10,69.10,69.10
69.10,69.10,69.10,69.10
68.53,69.11,69.11,68.53
69.10,69.07,69.10,69.00
69.07,69.07,69.07,69.07
68.00,66.45,68.00,62.00
66.45,66.45,66.45,66.45
65.50,65.97,65.97,65.49
65.94,65.97,65.97,65.94
66.44,66.44,66.44,66.44
66.94,66.94,66.94,66.94
66.94,66.94,66.94,66.94
73.64,66.51,73.64,66.51
66.54,66.54,66.54,66.54
67.04,67.04,67.04,67.04
67.04,66.95,67.04,66.79
67.01,67.00,67.01,67.00
66.64,65.77,66.64,65.77
65.77,65.27,65.77,65.27
65.26,65.29,65.77,65.26
65.29,65.29,65.29,65.29
65.31,64.82,65.31,64.82
65.27,64.97,65.27,64.97
64.82,64.72,64.82,64.72
64.82,64.67,64.82,64.43
64.67,64.67,64.67,64.67
64.34,63.54,64.77,62.00
63.35,60.04,63.48,59.50
59.50,60.00,60.00,59.50
60.00,60.00,60.00,60.00
60.00,60.00,60.00,60.00
61.50,60.75,62.00,60.00
61.60,60.81,61.60,59.31
62.18,62.18,62.18,62.18
63.01,59.34,63.01,59.34
59.00,58.64,59.00,58.64
58.59,57.66,58.60,56.70
57.10,58.00,59.30,57.10
58.00,58.30,58.93,57.96
58.10,58.20,59.00,58.10
58.45,58.70,58.70,58.45
58.99,59.20,61.95,58.42
61.00,61.93,62.89,59.51
61.93,61.93,61.93,61.93
61.93,61.93,61.93,61.93
61.93,61.93,61.93,61.93
62.03,62.03,62.03,62.03
62.55,63.36,64.55,62.55
63.36,63.36,63.36,63.36
63.36,63.36,63.36,63.36
63.99,65.80,67.00,63.99
66.00,66.00,66.00,66.00
64.81,64.81,64.81,64.81
65.00,63.50,65.00,62.50
63.50,63.50,63.50,63.50
63.50,63.50,63.50,63.50
62.50,63.61,64.97,62.50
63.76,62.50,63.76,60.83
62.50,62.50,62.50,62.50
60.82,62.46,62.46,60.82
62.45,62.50,62.50,62.45
62.50,62.50,62.50,62.50
62.50,62.50,62.50,62.50
63.28,63.25,63.28,63.25
62.34,63.47,63.47,62.34
64.00,63.10,65.00,62.30
63.10,63.10,63.10,63.10
63.10,63.10,63.10,63.10
63.10,63.10,63.10,63.10
63.10,63.10,63.10,63.10
63.10,63.10,63.10,63.10
63.00,63.00,63.00,63.00
63.00,63.00,63.00,63.00
63.09,63.09,63.09,63.09
64.00,67.19,67.45,64.00
66.90,67.50,67.51,66.90
67.50,67.50,67.50,67.50
67.50,67.50,67.50,67.50
67.50,67.50,67.50,67.50
66.00,65.45,66.00,65.25
64.35,64.35,64.35,64.35
64.50,64.50,64.50,64.50
64.50,64.50,64.50,64.50
64.50,64.50,64.50,64.50
64.50,64.50,64.50,64.50
64.50,64.50,64.50,64.50
64.50,64.50,64.50,64.50
62.85,62.85,62.85,62.85
62.00,62.00,62.00,62.00
62.10,62.00,62.10,62.00
61.88,61.99,62.00,61.88
61.21,61.20,61.23,61.20
61.20,59.00,61.20,59.00
59.00,59.00,59.00,59.00
60.80,60.80,60.80,60.80
59.99,60.00,60.00,59.99
60.00,60.00,60.00,60.00
59.67,59.67,59.67,59.67
59.67,59.67,59.67,59.67
59.95,59.95,59.95,59.95
59.95,59.95,59.95,59.95
59.95,59.95,59.95,59.95
59.95,59.95,59.95,59.95
59.95,59.95,59.95,59.95
59.00,59.50,59.50,59.00
59.50,59.50,59.50,59.50
59.03,58.56,59.03,57.55
59.92,57.12,59.92,57.12
57.13,57.10,57.13,57.10
57.10,57.10,57.10,57.10
57.10,57.10,57.10,57.10
57.25,57.00,57.25,57.00
57.00,57.00,57.00,57.00
56.95,58.50,59.95,56.91
58.50,58.50,58.50,58.50
58.50,58.50,58.50,58.50
57.51,57.51,57.51,57.51
56.21,56.21,56.21,56.21
56.42,60.00,60.00,56.42
60.00,60.00,60.00,59.98
58.76,60.00,60.00,58.76
60.00,60.00,60.00,60.00
60.00,60.00,60.00,60.00
59.00,59.00,59.00,59.00
60.96,61.80,65.00,60.96
61.93,61.93,61.93,61.93
61.54,61.30,62.26,60.00
61.30,61.30,61.30,61.30
62.34,62.34,62.34,62.34
63.00,63.00,63.00,63.00
63.50,63.15,63.50,63.00
60.38,64.34,64.34,60.38
63.50,63.00,63.50,63.00
63.00,63.00,63.00,63.00
64.28,61.73,64.28,57.00
61.59,64.02,64.02,61.59
62.84,62.25,63.30,62.25
62.50,63.00,63.00,60.01
63.00,62.50,64.80,62.50
63.00,63.00,63.00,62.50
63.00,63.00,63.00,63.00
63.03,63.03,63.03,63.03
63.80,63.25,63.80,63.25
63.12,63.50,63.50,63.12
63.16,63.50,63.50,63.16
63.50,64.80,64.89,63.50
64.50,64.20,64.50,64.20
64.41,63.15,64.41,63.15
64.05,64.84,64.84,64.05
65.50,66.00,69.00,65.50
66.80,70.00,70.00,66.80
69.00,69.50,69.50,68.53
68.80,69.23,69.90,66.88
69.05,69.99,70.00,67.35
68.95,69.80,69.89,68.00
69.80,69.80,69.80,69.80
68.40,68.50,69.00,68.10
68.60,68.60,68.60,68.60
68.60,68.60,68.60,68.60
68.60,68.60,68.60,68.60
68.60,68.60,68.60,68.60
68.60,68.60,68.60,68.60
68.95,69.05,69.09,68.95
69.02,69.02,69.02,69.02
69.05,69.02,69.05,69.02
69.20,67.67,69.30,67.67
67.50,67.38,67.50,67.00
67.65,67.65,67.65,67.65
67.65,67.65,67.65,67.65
68.20,69.06,69.06,67.50
69.25,67.86,69.25,67.07
67.44,68.50,69.00,67.44
67.02,66.79,67.02,66.79
66.79,66.79,66.79,66.79
66.80,66.80,66.80,66.80
68.77,68.47,68.77,65.00
68.47,68.47,68.47,68.47
68.36,67.50,68.45,67.50
67.50,67.50,67.50,67.50
65.65,65.55,66.19,65.01
64.90,65.00,65.00,64.90
65.00,65.00,65.00,65.00
66.84,64.14,66.84,63.78
64.30,65.00,65.00,64.25
65.00,64.05,65.00,64.05
64.05,64.05,64.05,64.05
64.00,64.00,64.00,64.00
64.00,64.00,64.00,64.00
62.06,62.99,62.99,60.78
62.00,63.50,63.50,61.75
63.50,63.50,63.50,63.50
63.82,63.22,63.82,63.22
62.54,62.40,63.81,62.17
62.01,62.27,63.49,62.01
62.27,62.27,62.27,62.27
62.27,62.27,62.27,62.27
62.27,62.27,62.27,62.27
62.33,62.33,62.33,62.33
62.42,62.42,62.42,62.42
62.42,62.42,62.42,62.42
63.99,63.94,64.00,63.94
64.00,62.98,64.00,62.98
64.50,64.98,64.98,64.50
64.42,63.51,64.42,63.51
63.74,63.74,63.74,63.74
63.74,63.74,63.74,63.74
63.95,63.03,63.99,63.03
63.03,63.03,63.03,63.03
64.05,63.20,64.85,63.00
62.27,62.50,62.50,62.27
62.50,62.50,62.50,62.50
60.78,60.10,60.88,60.05
60.15,60.02,60.15,59.87
61.00,60.96,61.00,60.96
62.00,61.25,62.00,61.25
61.00,60.50,61.00,60.30
60.01,60.00,60.01,60.00
60.00,60.00,60.00,60.00
60.10,60.75,60.75,60.10
60.75,60.50,60.75,60.50
60.10,60.50,60.50,59.35
60.94,61.05,63.49,60.09
61.20,61.40,61.40,61.20
62.00,62.30,63.00,62.00
62.52,62.30,62.52,62.25
62.30,62.30,62.30,62.30
61.96,62.00,62.00,61.96
62.25,64.24,65.15,62.25
64.83,62.45,64.83,62.45
63.75,63.75,63.75,63.75
63.79,63.75,63.79,63.75
62.90,62.90,62.94,62.90
62.50,63.25,63.25,62.50
63.75,63.97,63.97,63.03
63.30,63.30,63.30,63.30
63.30,63.30,63.30,63.30
63.30,63.30,63.30,63.30
64.03,64.03,64.03,64.03
64.25,64.25,64.60,64.25
64.25,64.25,64.25,64.25
64.47,65.20,66.00,64.47
64.87,64.90,64.90,64.87
64.02,64.45,64.50,64.00
65.00,65.78,65.97,65.00
65.64,68.21,68.50,65.59
68.28,70.00,70.00,66.60
69.90,69.90,71.30,69.80
69.90,69.95,69.99,69.40
70.86,71.20,71.20,68.20
70.50,71.93,72.50,69.92
71.93,71.93,71.93,71.93
70.22,70.22,72.22,70.22
70.32,71.60,71.60,70.32
71.60,71.92,72.50,71.49
72.00,72.00,72.00,72.00
72.35,71.80,72.35,71.60
72.00,72.00,73.85,72.00
73.32,71.60,73.32,70.10
70.00,70.16,70.16,69.97
70.01,70.01,70.01,70.01
71.00,71.00,71.00,71.00
72.23,72.10,73.00,71.50
72.00,72.18,72.18,71.25
72.18,72.18,72.18,72.18
73.05,72.50,73.25,70.22
72.04,72.00,72.04,72.00
73.03,73.03,73.03,73.03
73.03,73.03,73.03,73.03
73.03,73.03,73.03,73.03
74.25,75.24,75.24,74.25
74.98,75.00,75.00,74.98
74.01,75.60,75.60,74.01
76.25,75.80,76.25,75.80
75.75,76.50,76.50,75.75
77.10,77.25,77.25,77.00
75.00,78.20,78.20,75.00
76.75,76.59,76.75,76.59
76.25,75.50,76.25,75.50
75.74,76.47,76.47,75.74
74.03,75.35,75.35,74.03
75.35,75.35,75.35,75.35
76.02,77.00,77.00,76.00
74.90,76.00,76.00,74.90
75.07,75.75,76.25,75.06
75.75,75.20,75.94,75.00
74.75,76.00,76.00,74.75
75.00,76.80,76.80,75.00
78.00,78.00,78.00,78.00
75.56,77.99,78.00,75.56
77.99,77.99,77.99,77.99
77.99,77.99,77.99,77.99
77.99,77.99,77.99,77.99
77.99,77.99,77.99,77.99
76.00,76.00,76.00,76.00
74.50,77.47,77.80,74.50
77.47,77.47,77.47,77.47
75.30,75.30,75.30,75.30
75.30,75.30,75.30,75.30
76.13,76.13,76.13,76.13
76.50,77.00,77.00,76.17
77.97,76.80,79.75,76.77
76.80,76.80,76.80,76.80
77.10,77.10,77.10,77.10
77.11,75.33,77.11,75.33
76.00,77.00,77.00,76.00
75.22,76.23,76.23,75.22
76.49,76.49,76.49,76.49
76.49,76.49,76.49,76.49
76.50,76.90,77.43,75.40
76.90,76.90,76.90,76.90
76.83,76.83,76.83,76.83
76.83,76.83,76.83,76.83
76.83,76.83,76.83,76.83
75.05,75.01,75.05,75.01
75.01,75.25,75.99,74.97
74.01,76.39,76.39,74.01
74.25,76.38,76.38,74.25
72.91,69.11,72.91,69.00
70.50,69.00,70.50,69.00
68.50,68.98,68.98,68.50
69.02,68.75,69.02,68.45
68.02,70.00,70.00,68.02
70.00,70.00,70.00,70.00
69.90,71.10,71.40,69.90
71.15,69.93,71.30,69.93
69.93,69.93,69.93,69.93
70.25,70.21,70.25,70.21
70.21,70.21,70.21,70.21
70.21,71.59,71.59,70.21
71.71,71.71,71.71,71.71
71.71,71.71,71.71,71.71
73.00,73.69,74.95,72.16
74.00,74.15,74.50,73.03
74.03,73.96,74.27,73.96
74.00,74.00,74.00,74.00
74.11,74.69,74.80,74.02
74.72,74.72,74.72,74.72
74.70,74.70,74.70,74.70
74.70,74.70,74.70,74.70
74.70,74.75,74.75,74.70
74.73,74.99,75.75,74.30
73.83,73.83,73.83,73.83
74.25,74.79,74.80,74.25
74.79,74.53,74.98,74.05
74.45,74.99,74.99,74.45
74.99,74.83,75.00,74.78
74.83,74.83,74.83,74.83
75.25,75.25,75.25,75.25
75.01,75.01,75.01,75.01
75.01,75.01,75.01,75.01
74.06,73.96,74.06,73.96
74.44,75.48,75.48,74.44
75.41,78.30,78.30,74.80
78.30,78.30,78.30,78.30
78.30,78.30,78.30,78.30
77.40,77.40,77.40,77.40
77.40,77.00,77.40,76.75
77.55,77.65,77.65,75.05
77.89,77.89,77.89,77.89
77.89,77.50,77.97,77.49
77.50,76.31,77.50,76.31
76.60,76.60,76.60,76.60
76.00,76.00,76.00,76.00
76.95,77.50,80.94,72.12
77.50,76.01,77.50,76.00
77.00,79.25,79.50,77.00
79.55,79.75,79.75,79.25
79.50,79.50,79.50,79.50
78.80,78.80,78.80,78.80
77.58,79.48,79.48,77.58
79.50,79.50,79.50,79.50
78.51,78.41,78.51,78.41
78.00,78.01,78.01,78.00
79.24,79.24,79.24,79.24
78.00,78.02,78.02,78.00
78.00,77.57,78.00,77.57
79.15,79.15,79.15,79.15
79.00,78.97,79.00,78.95
78.97,78.97,78.97,78.97
78.64,79.15,79.20,78.64
78.94,79.00,79.14,78.75
79.12,78.80,79.12,78.80
79.00,78.57,79.00,78.57
78.60,79.00,79.00,78.60
77.60,77.60,77.60,77.60
78.98,78.97,79.00,78.89
77.47,77.50,78.50,77.28
78.89,79.06,79.36,78.89
79.60,79.58,79.60,77.63
77.63,79.38,79.62,77.63
79.40,79.38,79.40,79.37
79.38,79.75,79.75,79.38
79.74,79.75,80.25,79.74
79.75,80.50,81.79,79.75
79.28,80.70,80.70,79.27
81.25,82.06,82.06,81.21
82.05,82.11,82.11,81.76
82.25,83.15,83.49,82.25
84.36,83.75,84.50,83.05
83.69,83.69,83.69,83.69
83.06,82.51,83.58,82.51
82.41,81.67,82.41,81.57
83.45,83.15,83.45,82.10
82.50,80.00,82.53,79.00
80.00,80.00,80.00,80.00
80.00,80.00,80.00,80.00
78.70,80.75,80.75,78.70
78.80,79.38,79.38,78.80
79.38,79.38,79.38,79.38
79.38,79.38,79.38,79.38
78.03,78.38,78.38,78.00
77.93,77.65,78.00,77.65
78.00,78.03,78.03,78.00
78.05,79.00,79.00,78.05
79.40,78.00,80.00,78.00
76.04,78.30,78.55,76.04
78.30,78.30,78.30,78.30
78.35,80.00,80.50,78.35
80.98,80.25,82.29,80.25
82.20,82.17,82.20,82.17
80.89,80.89,80.89,80.89
80.89,80.89,80.89,80.89
81.24,80.90,82.29,80.90
80.89,82.00,82.00,80.89
82.25,82.55,82.55,82.25
82.49,82.49,82.49,82.49
81.21,81.06,81.21,80.50
81.99,81.99,81.99,81.99
82.10,80.48,82.10,80.07
81.53,81.53,81.53,81.53
80.49,81.89,81.89,80.49
81.99,82.00,82.00,80.51
82.00,82.00,82.00,82.00
82.06,82.06,82.06,82.06
82.06,82.06,82.06,82.06
82.06,82.06,82.06,82.06
80.99,80.98,80.99,80.98
80.98,80.98,80.98,80.98
81.50,81.50,81.50,81.50
81.75,82.70,82.70,81.61
82.70,82.70,82.70,82.70
82.70,82.70,82.70,82.70
82.70,82.70,82.70,82.70
82.70,82.70,82.70,82.70
82.50,83.00,84.06,82.05
83.28,82.55,84.00,82.55
83.00,83.03,83.70,83.00
82.26,82.26,82.26,82.26
82.50,82.52,82.52,82.50
82.16,82.50,82.50,82.16
82.60,82.60,82.60,82.60
82.99,82.60,83.05,82.60
82.60,82.15,82.60,82.15
80.71,80.60,80.71,80.50
81.50,81.50,81.50,81.50
80.00,81.20,82.25,80.00
82.50,80.50,82.50,80.50
80.50,80.50,80.50,80.50
80.06,80.00,80.50,80.00
80.01,80.00,80.01,80.00
80.31,76.14,80.31,76.11
76.75,76.10,76.75,75.29
77.16,78.31,80.30,77.16
79.85,79.20,79.85,77.50
77.27,77.50,77.50,77.27
77.50,74.28,78.50,74.28
74.35,74.57,74.95,74.35
74.60,75.14,75.14,74.60
75.00,78.99,78.99,74.90
76.21,76.28,76.28,76.21
76.28,76.28,76.28,76.28
77.46,77.75,77.75,77.00
78.01,77.25,78.01,77.25
77.25,77.25,77.25,77.25
77.95,78.00,78.67,77.50
77.97,78.25,78.50,77.97
78.25,78.25,78.25,78.25
78.25,78.25,78.25,78.25
77.05,77.05,77.05,77.05
76.51,76.51,76.51,76.51
76.51,76.51,76.51,76.51
77.01,76.98,77.01,76.98
75.00,76.00,76.00,75.00
75.00,75.50,75.51,75.00
78.47,78.00,78.75,78.00
79.50,78.11,79.50,78.11
78.55,78.50,78.55,78.50
79.55,79.00,79.55,78.51
79.55,79.55,79.55,79.55
79.99,78.50,79.99,78.00
78.40,78.56,78.56,78.40
78.55,78.25,79.40,77.00
78.25,78.25,78.25,78.25
78.25,78.25,78.25,78.25
79.93,79.93,79.93,79.93
79.93,79.93,79.93,79.93
79.91,80.18,80.18,79.25
80.97,80.00,81.00,79.51
80.00,79.99,80.00,79.99
79.99,81.00,81.00,79.99
81.37,81.50,81.85,81.00
78.59,78.69,78.69,78.59
79.03,79.03,79.03,79.03
81.43,81.43,81.43,81.43
81.79,80.92,81.79,80.92
81.25,80.21,81.49,80.21
80.00,80.00,80.00,80.00
81.00,80.77,81.00,79.25
79.90,80.00,80.00,79.85
79.54,80.19,80.30,79.54
80.10,79.99,80.10,79.99
80.00,80.30,80.35,79.05
80.30,80.30,80.30,80.30
80.49,81.89,81.89,80.49
82.00,84.39,84.39,82.00
82.39,85.00,85.25,82.39
87.25,85.70,87.25,85.01
87.50,86.50,87.54,86.25
85.25,85.80,86.50,85.25
85.49,85.99,85.99,85.49
86.14,87.50,87.50,86.14
87.50,87.50,87.90,87.50
88.00,86.98,88.00,86.98
88.49,88.49,88.49,88.49
88.97,87.99,88.97,87.78
88.86,89.00,89.00,87.44
89.51,90.15,90.15,89.51
89.99,90.24,90.24,89.99
89.05,89.99,90.04,89.01
89.03,89.10,90.00,89.03
89.10,89.10,89.10,89.10
91.31,92.53,92.53,91.31
90.72,91.90,91.90,90.72
92.22,92.49,92.49,92.22
90.44,92.93,92.93,90.44
89.49,91.50,91.50,89.49
89.00,89.00,90.44,89.00
92.74,92.74,92.74,92.74
92.69,92.49,92.69,92.34
92.00,92.92,92.92,91.30
90.00,92.00,92.00,90.00
89.50,91.98,91.98,89.50
89.20,89.20,89.20,89.20
92.50,90.74,92.50,90.74
90.50,90.50,90.50,90.50
90.02,90.02,90.02,90.02
90.02,90.02,90.02,90.02
91.00,91.00,91.00,91.00
91.40,89.00,91.40,89.00
90.70,89.00,90.70,89.00
88.00,88.00,88.00,88.00
90.00,90.00,90.00,90.00
88.50,87.61,88.50,87.61
86.53,87.80,88.35,86.53
87.56,87.00,87.80,85.20
87.00,85.60,87.00,81.80
85.10,84.29,85.10,83.29
84.00,83.49,84.05,83.49
83.01,82.78,83.01,82.75
83.21,82.15,83.35,80.00
83.22,83.90,83.90,83.22
83.90,84.00,84.00,83.90
84.00,84.00,84.00,84.00
84.05,83.93,84.20,83.93
83.90,83.90,83.90,83.90
82.50,82.90,82.90,82.50
82.89,82.90,82.90,82.89
85.00,85.00,85.00,85.00
85.00,86.30,87.15,85.00
83.59,83.34,86.50,81.71
83.40,83.79,84.50,83.40
82.20,83.62,83.94,81.68
83.62,82.95,83.62,82.95
82.95,82.95,82.95,82.95
84.65,83.10,84.65,82.49
81.05,81.05,81.05,81.05
81.05,80.55,81.05,78.61
80.49,80.10,80.49,78.05
77.60,80.26,80.31,77.60
78.59,79.31,80.20,78.59
80.95,80.34,81.50,79.19
81.49,81.67,81.67,81.49
78.79,79.60,79.60,78.79
79.60,79.60,79.60,79.60
81.00,80.48,81.00,79.00
79.88,81.30,81.70,79.88
82.00,82.35,83.50,81.00
83.50,82.25,83.50,81.44
82.00,82.22,82.22,82.00
82.35,81.43,82.35,80.11
81.93,82.76,83.00,81.93
82.77,82.77,82.77,82.77
80.10,82.35,82.99,80.10
81.99,81.90,82.32,81.90
82.13,81.49,82.25,80.61
81.53,80.75,81.53,80.50
80.44,80.03,81.56,80.00
80.03,80.03,80.03,80.03
80.50,80.47,80.50,79.13
81.60,79.11,81.60,79.11
78.85,79.75,80.35,78.85
79.75,79.75,79.75,79.75
80.40,80.40,81.50,79.01
82.00,80.60,82.00,79.11
80.60,80.60,80.60,80.60
78.95,80.00,80.20,77.53
80.82,80.84,80.84,80.82
80.50,80.85,81.02,80.19
80.85,80.85,80.85,80.85
79.46,80.30,81.46,79.46
81.56,81.00,81.56,81.00
80.03,80.03,80.03,80.03
80.03,80.01,80.03,80.01
77.61,78.58,79.60,77.61
78.77,79.63,80.56,78.20
79.63,79.63,79.63,79.63
79.09,79.30,79.54,79.09
79.19,78.50,82.49,78.50
79.25,81.75,83.62,79.25
80.15,80.15,80.15,80.15
81.93,80.80,81.93,79.44
83.61,80.02,83.61,80.02
78.85,82.16,82.28,78.85
79.95,82.30,82.78,79.95
79.89,80.80,81.95,79.77
78.98,79.68,82.35,78.98
80.64,81.00,81.00,80.54
81.02,81.02,81.02,81.02
78.80,77.51,80.21,77.51
79.04,80.80,81.70,78.94
81.51,79.27,81.51,78.26
80.40,82.39,82.39,80.39
80.00,80.60,80.93,80.00
82.00,80.86,82.00,80.81
81.50,80.47,81.50,80.47
80.50,80.33,80.50,80.33
80.33,80.33,80.33,80.33
80.33,80.33,80.33,80.33
81.01,81.01,81.01,81.01
79.36,80.54,80.65,79.36
78.90,79.98,80.87,78.90
80.94,80.38,80.95,78.93
79.40,80.08,81.04,77.96
79.75,79.47,80.80,79.43
79.60,80.54,81.04,79.60
80.54,80.54,80.54,80.54
80.54,80.54,80.54,80.54
80.04,80.07,81.22,80.00
80.75,81.24,81.24,80.27
81.50,82.00,82.50,80.70
82.00,82.00,82.00,82.00
82.99,81.68,82.99,81.68
81.70,81.70,81.70,81.70
81.70,81.70,81.70,81.70
82.00,84.50,85.65,82.00
83.50,84.66,87.00,83.50
85.31,85.31,85.31,85.31
85.53,85.96,86.00,84.50
85.96,85.96,85.96,85.96
85.96,85.96,85.96,85.96
85.90,84.90,86.18,83.90
85.43,84.54,85.43,84.54
84.59,84.00,84.59,82.54
84.00,84.00,84.00,84.00
82.62,82.62,82.62,82.62
84.85,84.85,84.85,84.85
84.97,84.97,84.97,84.97
84.97,84.97,84.97,84.97
84.97,84.97,84.97,84.97
84.97,84.97,84.97,84.97
84.97,84.97,84.97,84.97
82.70,82.00,82.70,81.97
81.50,82.20,84.60,81.50
82.20,82.20,82.20,82.20
82.20,82.20,82.20,82.20
82.72,84.95,84.95,82.72
84.95,84.95,84.95,84.95
84.20,85.45,85.99,84.20
85.15,85.56,85.56,85.15
85.62,85.39,85.62,85.39
85.00,84.84,85.00,84.75
85.00,85.35,86.50,85.00
85.35,84.75,87.95,84.75
85.00,84.42,85.00,84.42
83.00,83.03,83.03,83.00
83.28,83.50,83.50,83.28
83.50,83.99,83.99,83.00
83.99,83.99,83.99,83.99
83.07,83.07,83.07,83.07
81.50,82.25,82.25,81.50
82.25,82.25,82.25,82.25
81.97,82.00,82.03,81.97
82.00,82.00,82.00,82.00
82.00,82.00,82.00,82.00
80.00,78.19,80.00,78.19
78.50,78.50,78.50,78.50
75.90,80.00,80.00,74.05
78.00,83.30,83.30,77.99
84.70,83.00,88.35,78.50
81.58,83.62,83.62,81.58
82.00,82.21,85.83,79.00
82.80,82.80,82.80,82.80
82.80,82.80,82.80,82.80
83.00,84.00,84.00,81.99
83.00,84.00,84.00,82.37
83.96,83.96,83.96,83.96
83.96,83.96,83.96,83.96
83.96,83.96,83.96,83.96
83.96,83.96,83.96,83.96
83.96,84.00,84.48,83.96
86.00,86.00,86.00,86.00
87.85,88.07,88.07,87.85
86.00,87.00,87.00,85.00
86.00,86.00,86.00,86.00
86.00,86.00,86.00,86.00
86.00,86.00,86.00,86.00
84.51,86.00,86.00,84.50
84.55,85.83,87.50,84.55
85.83,85.83,85.83,85.83
85.83,85.83,85.83,85.83
85.00,84.25,85.00,84.00
84.12,83.15,84.12,83.15
82.41,80.50,82.41,77.25
80.80,81.00,81.03,80.80
81.00,81.00,81.00,81.00
79.00,80.50,80.50,79.00
82.68,82.68,82.68,82.68
82.68,82.68,82.68,82.68
76.00,76.00,76.00,76.00
80.25,80.25,80.25,80.25
80.25,77.42,80.25,77.06
77.54,77.55,77.55,77.54
77.55,77.55,77.55,77.55
78.00,78.00,78.00,78.00
78.00,78.00,78.00,78.00
76.75,80.00,80.00,76.50
80.00,80.00,80.00,80.00
79.56,79.56,79.56,79.56
77.13,77.50,82.90,77.13
77.26,77.26,77.26,77.26
77.61,77.60,77.74,77.52
78.36,78.27,78.36,78.20
75.35,80.00,82.90,75.26
80.00,79.40,82.29,79.40
79.20,77.25,81.34,77.25
79.00,79.00,79.00,79.00
80.25,80.00,80.25,80.00
80.15,80.00,80.15,80.00
80.00,80.01,81.35,78.75
81.50,80.00,81.50,80.00
80.00,80.10,80.10,80.00
80.00,80.15,80.15,80.00
80.05,79.80,80.05,79.77
79.00,78.00,79.00,78.00
79.00,79.00,79.00,79.00
79.00,79.00,79.00,79.00
78.50,78.50,78.50,78.50
79.00,79.05,79.05,79.00
80.55,80.55,80.55,80.55
81.77,82.50,82.75,81.77
85.35,82.50,85.35,82.50
81.00,81.00,81.00,81.00
81.11,81.03,81.11,81.03
81.03,81.03,81.03,81.03
81.03,81.03,83.00,81.03
81.03,80.00,82.20,78.30
80.00,80.00,80.00,80.00
80.60,80.60,80.60,80.60
80.66,80.75,82.65,80.20
80.80,80.75,80.80,80.75
80.75,80.75,80.75,80.75
80.75,80.75,80.75,80.75
81.96,80.50,85.45,79.00
81.25,80.60,81.25,78.15
81.17,81.00,81.20,80.00
79.02,82.76,82.76,79.02
80.19,82.50,82.50,80.19
79.31,82.00,82.00,79.31
82.02,82.05,82.05,82.00
82.00,82.00,82.00,82.00
78.14,79.50,79.50,78.14
79.50,79.50,79.50,79.50
77.75,77.75,77.75,77.75
78.01,78.01,78.01,78.01
79.25,79.15,79.25,79.15
78.01,79.03,79.03,78.01
79.03,79.03,79.03,79.03
83.71,83.71,83.71,83.71
81.95,81.97,81.97,81.58
81.97,81.97,81.97,81.97
80.00,80.00,80.00,80.00
80.00,80.00,80.00,80.00
80.00,80.00,80.00,80.00
80.00,80.00,80.00,78.36
80.00,80.00,80.00,80.00
80.80,80.80,80.80,80.80
80.80,80.80,80.80,80.80
77.96,77.96,77.96,77.96
81.60,81.60,81.60,81.60
81.60,81.60,81.60,81.60
75.00,75.00,75.00,75.00
81.60,79.50,81.60,79.00
81.00,77.58,81.00,77.58
77.58,77.58,77.58,77.58
77.58,77.58,77.58,77.58
78.00,78.00,78.00,78.00
78.00,78.00,78.00,78.00
80.40,80.40,80.41,80.40
81.00,80.50,81.00,80.50
82.98,82.00,82.98,81.94
83.00,83.00,83.00,83.00
83.00,83.00,83.00,83.00
83.00,83.00,83.00,83.00
83.00,83.00,83.00,83.00
83.00,83.00,83.00,83.00
83.00,83.00,83.00,83.00
83.00,83.00,83.00,83.00
83.00,83.00,83.00,83.00
83.00,83.00,83.00,83.00
83.00,83.00,83.00,83.00
80.25,79.26,80.25,76.69
81.00,81.00,81.00,81.00
81.47,81.47,81.47,81.00
81.47,81.47,81.47,81.47
81.47,81.47,81.47,81.47
82.00,82.00,82.00,82.00
80.05,79.50,80.05,79.50
79.50,79.50,79.50,79.50
79.50,79.50,79.50,79.50
79.50,79.50,79.50,79.50
80.00,79.00,80.03,78.55
79.50,79.50,79.50,79.50
77.39,75.10,77.39,75.10
75.21,75.00,75.21,75.00
76.41,76.41,76.41,76.41
78.91,78.50,78.91,75.36
76.25,77.00,77.00,76.25
77.00,77.00,77.00,77.00
77.00,77.00,77.00,77.00
77.00,77.00,77.00,77.00
77.00,77.00,77.00,77.00
77.00,77.00,77.00,77.00
78.25,82.19,84.30,78.00
80.48,82.75,83.50,78.49
83.45,83.80,84.00,82.49
84.12,82.15,84.12,82.15
83.99,82.90,86.50,81.99
82.32,81.00,86.36,81.00
82.70,81.00,84.35,79.35
82.75,83.35,84.20,82.67
82.00,84.70,84.70,82.00
83.69,83.70,83.70,83.69
83.00,82.40,83.30,82.40
82.40,82.40,82.40,82.40
82.40,82.40,82.40,82.40
82.21,84.20,84.27,82.21
85.00,85.00,85.00,85.00
85.00,85.00,85.00,85.00
85.00,85.00,85.00,85.00
81.13,82.01,82.54,81.12
82.50,82.61,82.70,82.50
82.00,81.25,83.00,81.25
80.42,80.42,80.42,80.42
80.42,80.42,80.42,80.42
80.42,80.42,80.42,80.42
80.55,80.89,81.88,80.55
81.42,81.00,81.42,81.00
81.00,82.00,82.36,80.99
82.00,82.00,82.00,82.00
82.00,82.00,82.00,82.00
79.55,79.55,79.55,79.55
79.59,81.19,81.19,79.59
81.00,82.27,82.27,81.00
82.58,82.58,82.58,82.58
81.50,78.96,82.91,78.94
79.51,78.50,79.51,78.50
78.50,78.50,78.50,78.50
79.25,79.25,79.25,79.25
79.25,79.25,79.25,79.25
79.50,80.50,83.25,79.50
79.21,81.35,81.35,79.21
80.00,80.50,81.80,78.80
80.50,80.50,80.50,80.50
82.11,82.25,83.96,82.11
82.50,83.51,83.51,82.50
83.51,83.51,83.51,83.51
83.60,84.00,84.00,83.60
84.00,84.00,84.00,84.00
84.10,83.54,85.43,82.79
84.75,84.74,84.75,84.74
84.74,84.74,84.74,84.74
84.74,84.74,84.74,84.74
80.66,82.60,86.23,80.66
85.00,86.35,88.10,85.00
86.35,86.35,86.35,86.35
85.50,85.20,86.40,85.00
85.20,85.20,85.20,85.20
83.79,84.63,84.63,83.79
86.61,82.00,87.00,82.00
83.50,83.64,83.64,83.50
84.99,84.99,84.99,84.99
84.99,84.99,84.99,84.99
86.19,85.20,86.19,85.20
85.00,85.00,85.00,85.00
86.17,86.17,86.17,86.17
86.17,86.17,86.17,86.17
86.17,86.17,86.17,86.17
84.34,86.95,86.95,84.34
84.34,85.50,86.95,84.34
86.59,86.59,86.59,86.59
86.59,86.59,86.59,86.59
86.59,86.59,86.59,86.59
87.00,84.50,87.00,83.50
83.50,83.70,83.70,83.50
82.70,82.70,82.70,82.70
82.80,82.80,82.80,82.80
82.80,82.80,82.80,82.80
81.50,82.69,82.72,81.50
81.95,80.50,81.96,80.50
80.00,80.00,81.96,80.00
81.63,81.95,81.95,81.63
81.96,81.96,81.96,81.96
81.75,81.75,81.75,81.60
81.70,81.01,81.70,81.00
80.00,81.01,81.01,80.00
81.01,81.01,81.01,81.01
81.01,78.00,81.01,78.00
81.01,81.33,82.00,81.01
81.00,80.90,82.00,80.70
81.29,80.48,81.79,80.48
78.79,80.77,80.77,78.79
80.00,80.00,80.00,80.00
81.00,80.25,82.35,80.15
80.20,80.25,80.25,80.20
81.50,80.00,81.50,80.00
81.00,82.00,82.28,81.00
82.50,82.50,82.50,82.50
80.50,84.59,84.59,78.81
84.59,84.59,84.59,84.59
82.00,82.00,82.00,82.00
82.00,82.00,82.00,82.00
82.00,82.00,82.00,82.00
84.78,82.75,84.78,82.75
83.43,83.95,83.95,83.43
84.01,83.53,84.08,83.25
85.00,85.00,85.00,85.00
85.00,85.00,85.00,85.00
85.00,85.00,85.00,85.00
83.90,83.90,83.90,83.90
83.90,83.90,83.90,83.90
85.19,84.41,85.19,84.33
83.50,83.50,83.52,83.25
85.85,84.00,85.85,84.00
83.25,83.25,83.44,83.25
83.25,83.25,83.25,83.25
82.89,84.33,84.33,82.89
82.36,84.00,84.00,82.36
84.00,84.00,84.00,84.00
84.00,84.00,84.00,84.00
84.23,84.23,84.23,84.23
84.23,84.23,84.23,84.23
82.89,83.25,83.25,82.89
83.80,82.31,83.80,81.99
82.00,82.00,82.41,82.00
82.00,82.00,82.00,82.00
82.00,82.00,82.00,82.00
81.00,80.00,81.00,80.00
80.00,80.00,80.00,80.00
80.00,80.00,80.46,80.00
79.93,80.87,80.87,79.93
80.05,80.50,81.00,80.05
80.13,80.53,80.99,80.06
80.53,80.53,80.53,80.53
80.53,80.53,80.53,80.53
80.53,80.52,80.53,80.52
80.77,80.77,80.77,80.77
80.25,80.25,80.25,80.25
80.25,80.25,80.25,80.25
80.01,80.05,80.05,80.01
80.01,80.50,81.99,79.70
80.30,80.38,80.38,80.30
79.50,78.95,81.25,78.95
78.95,79.05,82.00,77.98
79.60,77.92,80.00,77.78
79.00,77.75,79.70,77.40
75.30,76.15,76.53,72.02
78.35,81.27,81.27,78.35
79.80,79.30,80.47,78.00
80.00,82.50,82.50,80.00
81.00,80.99,82.70,80.99
81.50,79.50,81.50,79.50
82.50,81.50,82.50,81.40
79.30,80.37,80.95,79.30
79.24,80.50,80.58,78.94
79.50,80.74,81.25,78.83
80.74,80.74,80.74,80.74
78.75,80.00,80.00,78.75
79.67,79.50,79.75,78.87
79.15,80.35,82.10,79.01
80.75,80.50,82.09,79.50
79.71,79.89,79.89,77.25
79.25,79.50,79.75,79.25
78.68,78.49,80.44,75.10
78.50,76.50,78.50,75.05
77.50,78.00,78.00,77.50
76.65,78.39,78.39,76.51
78.00,77.60,78.60,77.60
77.25,77.15,77.25,75.75
75.21,75.21,75.21,75.21
75.00,75.00,77.15,75.00
74.97,72.00,74.97,69.50
71.39,71.45,73.49,71.24
73.00,70.09,73.00,70.00
71.41,70.80,74.02,70.43
72.82,72.33,74.67,72.21
71.00,71.99,72.21,71.00
72.97,70.60,72.97,70.55
70.60,70.60,70.60,70.60
72.25,74.17,74.17,72.25
74.17,74.17,74.17,74.17
76.50,76.50,76.50,76.50
76.50,76.50,76.50,76.50
76.50,76.50,76.50,76.50
76.50,76.50,76.50,76.50
77.00,76.99,77.00,76.99
77.76,77.76,77.76,77.76
77.76,77.76,77.76,77.76
75.87,75.86,76.67,75.86
76.90,76.90,76.90,76.90
76.56,77.87,77.92,76.41
77.95,77.95,77.95,77.95
77.95,77.99,77.99,77.95
81.26,80.26,81.26,79.72
79.78,80.07,80.07,79.78
81.38,81.38,81.38,81.38
80.00,82.35,82.35,80.00
82.35,82.35,82.35,82.35
81.00,81.00,81.00,81.00
81.45,82.50,82.50,81.45
82.70,82.68,82.70,82.68
82.68,82.68,82.68,82.68
80.94,81.00,81.00,80.94
81.00,81.00,81.00,81.00
81.00,81.00,81.00,81.00
81.00,81.00,81.00,81.00
79.69,79.58,79.99,79.58
80.45,80.45,80.45,80.45
79.60,79.60,79.60,79.60
80.45,81.00,81.00,80.40
77.76,80.75,81.00,77.76
80.75,80.75,80.75,80.75
79.55,82.75,82.75,79.53
82.75,82.75,82.75,82.75
82.87,82.76,83.40,82.75
82.65,80.31,82.65,80.31
80.31,80.31,80.31,80.31
80.31,80.31,80.31,80.31
81.95,81.60,81.95,81.50
81.60,81.60,81.60,81.60
81.60,81.60,81.60,81.60
81.60,81.60,81.60,81.60
81.60,81.60,81.60,81.60
81.60,81.60,81.60,81.60
80.10,80.10,80.10,80.10
80.10,80.10,80.10,80.10
80.50,81.60,81.60,80.50
81.60,81.60,81.60,81.60
81.60,81.60,81.60,81.60
81.60,81.60,81.60,81.60
82.50,81.79,82.50,81.79
81.60,81.60,81.60,81.60
82.10,80.05,82.10,79.00
81.63,81.75,82.06,81.35
81.32,82.00,82.10,81.10
81.97,82.25,82.25,81.97
82.30,84.30,84.30,82.30
84.00,84.45,84.45,84.00
85.00,85.00,85.00,85.00
83.01,84.79,85.85,83.00
84.93,86.23,86.23,84.93
85.59,86.13,86.13,85.59
84.97,85.80,85.80,84.79
84.33,85.66,86.15,84.33
84.39,86.07,86.07,84.39
86.07,86.07,86.07,86.07
86.07,86.07,86.07,86.07
86.07,86.07,86.07,86.07
86.07,86.07,86.07,86.07
82.98,84.97,84.97,82.00
84.84,84.84,84.84,84.84
83.56,83.90,84.89,83.00
84.75,84.01,84.75,84.01
84.20,84.85,85.77,84.20
84.85,84.85,84.85,84.85
85.63,85.63,85.63,85.63
85.00,85.99,85.99,84.50
85.95,85.40,85.99,84.50
85.40,85.40,85.40,85.40
84.55,85.23,85.37,84.50
85.23,85.23,85.23,85.23
85.96,84.20,85.99,84.18
83.99,84.99,86.05,83.99
85.15,85.78,85.78,83.21
85.78,85.78,85.78,85.78
85.78,85.78,85.78,85.78
84.50,85.50,85.50,84.50
85.50,85.50,85.50,85.50
85.45,85.45,85.45,85.45
85.91,85.94,86.00,85.32
84.20,85.04,87.99,83.52
85.50,85.58,87.49,85.49
85.34,86.40,87.00,85.34
86.11,86.11,86.52,85.74
87.00,86.65,87.00,85.31
87.50,86.25,87.50,86.25
86.50,86.99,86.99,86.48
88.00,88.00,88.00,88.00
88.11,88.11,88.11,88.11
88.50,86.62,88.50,85.34
86.27,86.27,86.27,86.27
87.00,87.02,87.40,87.00
87.55,87.55,87.55,87.55
88.75,89.59,89.60,88.09
89.62,89.62,89.62,89.62
89.00,89.30,89.30,89.00
90.00,91.44,92.49,90.00
93.00,91.37,93.00,91.37
91.50,91.50,91.50,91.50
91.50,91.50,91.50,91.50
91.50,89.70,91.50,89.70
90.88,91.00,91.00,90.88
91.50,92.99,92.99,91.50
92.82,92.53,92.82,92.53
90.60,92.15,92.15,90.60
90.60,92.00,92.00,90.60
93.00,92.99,93.00,92.00
92.00,91.50,92.00,91.00
90.60,90.75,90.93,90.50
90.10,90.30,90.30,90.10
90.20,91.49,92.80,90.20
92.29,90.10,92.75,89.71
91.49,89.18,91.49,89.18
90.70,89.50,91.15,89.50
90.22,90.50,90.50,90.22
89.48,91.69,91.90,89.48
91.67,91.22,91.67,91.22
91.00,91.00,91.00,91.00
90.49,90.49,90.49,90.49
90.39,90.39,90.39,90.39
90.51,88.98,90.51,88.98
89.99,89.82,89.99,89.82
89.82,89.82,89.82,89.82
89.82,89.82,89.82,89.82
90.01,91.97,91.97,90.01
91.99,92.00,92.00,91.99
90.18,91.05,91.05,90.18
90.53,90.52,90.53,90.45
90.14,90.11,90.20,90.11
90.11,90.11,90.11,90.11
89.93,90.05,90.11,89.92
89.02,89.02,89.02,89.02
90.84,89.05,90.98,89.05
89.05,89.05,89.05,89.05
90.44,91.30,91.30,90.25
91.00,91.01,91.43,91.00
91.67,90.50,91.67,90.50
91.59,90.58,91.60,90.28
91.00,91.06,91.50,90.83
91.38,90.32,91.38,90.32
90.32,90.32,90.32,90.32
91.60,90.00,91.60,90.00
90.20,90.94,91.39,90.20
90.94,90.94,90.94,90.94
91.95,91.23,91.95,91.00
90.02,90.71,91.25,90.02
88.53,89.75,90.74,88.53
91.32,91.17,91.50,90.50
90.51,91.49,91.49,90.51
92.00,90.43,92.00,90.43
90.43,90.43,90.43,90.43
91.54,91.54,91.54,91.54
92.00,90.51,92.00,90.51
90.72,90.72,90.72,90.72
91.49,90.68,91.94,90.50
89.21,89.60,90.64,89.21
89.81,89.81,89.81,89.81
88.75,91.12,91.25,88.75
90.06,90.96,90.96,90.01
90.96,90.96,90.96,90.96
90.96,90.96,90.96,90.96
90.96,91.51,91.51,90.96
91.00,91.96,92.00,91.00
92.00,91.90,92.00,91.90
91.90,91.90,91.90,91.90
91.90,91.90,91.90,91.90
91.97,92.00,92.00,91.96
91.96,92.00,92.00,91.96
92.00,92.00,92.00,92.00
92.00,92.00,92.00,92.00
92.00,92.60,96.10,91.95
94.70,94.70,94.70,94.70
94.70,94.70,94.70,94.70
94.70,94.70,94.70,94.70
91.00,91.65,91.76,91.00
91.65,91.65,91.65,91.65
91.05,90.95,92.00,90.95
91.05,92.40,92.40,90.80
92.10,92.10,92.11,92.10
92.10,92.10,92.10,92.10
90.50,90.00,90.50,90.00
91.50,90.55,91.50,89.80
90.20,90.25,90.25,90.20
90.45,90.45,90.45,90.45
89.80,90.18,91.13,89.80
90.18,90.18,90.18,90.18
88.80,89.50,90.25,88.00
89.10,88.32,90.00,88.00
87.80,91.00,91.00,87.80
91.50,93.72,93.72,91.50
93.72,93.72,93.72,93.72
94.00,94.00,94.00,93.80
93.47,93.85,93.85,92.15
93.40,92.00,93.40,92.00
93.85,95.00,98.65,92.95
94.90,92.00,94.90,92.00
93.60,94.50,99.30,91.05
94.50,94.50,94.50,94.50
94.95,94.55,96.15,94.20
94.55,94.55,94.55,94.55
94.15,95.65,97.80,94.15
95.50,95.50,95.50,95.50
95.95,95.71,96.00,95.67
96.00,95.95,96.00,95.95
97.85,97.85,97.85,97.85
95.90,96.50,98.25,95.03
96.20,97.00,97.00,96.20
100.90,95.60,100.90,94.40
98.00,96.55,98.95,95.70
96.55,96.55,96.55,96.55
96.55,96.55,96.55,96.55
97.50,97.45,98.05,97.20
97.80,97.00,99.48,96.80
100.00,98.30,100.00,98.30
99.84,102.45,103.00,99.50
100.30,103.40,104.50,100.30
102.75,100.56,102.75,99.40
100.30,104.30,105.85,100.30
107.00,115.00,115.00,105.30
114.45,111.16,114.45,111.16
112.75,114.75,115.70,111.30
111.00,115.30,115.90,110.95
115.80,116.00,116.00,115.50
115.00,115.88,115.88,115.00
115.88,115.88,115.88,115.88
117.00,118.20,119.00,116.00
119.65,119.35,119.65,119.31
116.80,120.80,122.90,116.80
120.80,120.80,120.80,120.80
121.05,121.05,121.05,121.05
118.10,119.10,119.10,118.10
