DOG,ProShares Short Dow30,NASDAQ
51.93,51.56,51.97,51.44
51.55,51.61,51.85,51.54
51.59,51.58,51.68,51.45
51.65,51.37,51.88,51.35
51.48,51.34,51.61,51.32
51.13,51.10,51.45,51.04
51.43,51.27,51.56,51.17
51.23,50.99,51.34,50.89
51.07,50.88,51.08,50.81
50.89,51.33,51.57,50.88
51.40,50.78,51.43,50.76
51.10,51.33,51.74,51.10
51.35,52.41,52.45,51.27
52.64,53.47,53.54,52.39
53.13,53.33,53.46,53.04
53.49,53.35,53.58,52.88
53.49,53.14,53.81,53.04
52.97,53.74,54.07,52.97
53.49,54.05,54.13,53.09
53.72,53.39,53.78,53.36
53.28,52.82,53.43,52.69
52.97,52.92,53.09,52.71
53.30,54.25,54.28,53.24
54.27,54.21,55.19,54.11
54.35,54.75,54.77,54.10
54.22,53.92,54.37,53.45
54.00,53.99,54.39,53.75
54.05,53.40,54.32,53.33
53.97,53.54,54.25,53.54
53.16,52.75,53.39,52.65
52.53,52.47,52.66,52.41
52.58,52.04,52.58,51.98
52.14,51.99,52.30,51.81
51.80,52.07,52.13,51.80
52.16,52.56,52.66,51.92
52.42,52.11,52.49,52.01
52.85,52.36,53.03,52.33
52.30,52.36,52.60,52.19
52.17,51.94,52.17,51.87
51.71,51.97,51.99,51.64
51.78,51.93,52.06,51.59
51.87,51.70,51.96,51.68
51.44,51.10,51.52,51.07
51.09,51.16,51.20,50.99
51.24,51.08,51.24,50.85
51.05,50.50,51.22,50.50
51.12,50.84,51.32,50.83
50.62,50.77,50.87,50.62
50.80,50.65,51.01,50.65
50.59,50.45,50.74,50.41
50.29,50.22,50.35,50.05
50.19,50.01,50.25,49.99
50.20,50.20,50.39,49.82
50.40,49.99,50.41,49.87
49.87,49.50,49.95,49.48
49.65,49.73,49.78,49.53
49.45,49.69,49.75,49.19
49.63,49.67,49.80,49.40
49.50,49.45,49.57,49.36
49.44,49.38,49.59,49.25
49.53,49.62,49.73,49.40
49.27,49.28,49.56,49.16
49.11,49.07,49.29,49.01
49.19,49.08,49.27,49.01
49.15,49.39,49.62,49.10
49.54,49.24,49.62,49.14
49.16,48.96,49.22,48.91
48.89,48.80,48.95,48.78
48.93,48.79,49.15,48.74
48.69,48.36,48.74,48.36
48.45,48.27,48.48,48.22
48.37,48.81,49.02,48.23
48.97,48.51,49.00,48.48
48.33,48.40,48.53,48.26
48.36,48.35,48.58,48.22
48.60,48.28,48.80,48.22
48.32,47.88,48.38,47.88
47.94,47.98,48.00,47.75
48.11,48.88,48.96,47.93
48.71,48.67,48.99,48.49
48.44,48.10,48.45,47.97
48.04,48.80,48.80,47.98
48.56,48.16,48.59,48.03
48.61,49.13,49.37,48.60
49.47,49.38,49.59,49.00
49.56,50.96,54.00,46.53
51.07,51.64,52.27,50.63
49.78,49.56,50.07,49.33
49.99,49.72,50.04,49.15
49.55,48.98,49.59,48.95
49.06,49.51,49.56,48.90
49.80,50.24,50.64,49.72
50.16,50.21,51.10,50.05
49.84,50.75,50.89,49.76
50.95,51.07,51.63,50.64
51.92,52.87,52.90,51.80
53.64,52.22,53.74,52.19
52.52,52.87,52.93,52.19
54.01,52.97,54.41,52.93
52.67,53.33,53.47,52.27
52.43,51.78,52.64,51.77
51.81,52.43,52.60,51.81
52.81,52.94,53.01,51.96
52.70,51.77,52.93,51.75
51.57,51.74,52.14,51.43
52.54,53.36,53.57,52.49
53.25,53.98,54.02,53.10
53.95,53.30,54.28,53.23
53.04,53.47,53.67,52.63
52.71,52.05,52.71,51.97
52.42,51.79,52.46,51.79
51.42,51.87,51.91,51.20
51.54,50.81,51.64,50.77
51.09,50.80,51.14,50.69
50.63,50.65,51.21,50.62
50.59,50.58,50.71,50.42
49.96,50.60,50.85,49.89
50.60,51.35,51.39,50.39
51.28,51.29,51.66,50.99
51.56,52.03,52.14,51.49
51.92,51.92,52.40,51.77
51.97,52.11,52.28,51.80
52.73,53.49,53.77,52.71
53.60,54.01,54.10,53.25
53.99,54.26,54.82,53.88
54.12,54.48,54.87,54.00
53.85,54.14,54.62,53.49
54.10,52.58,54.11,52.54
52.22,51.92,52.50,51.92
51.94,51.61,52.03,51.61
51.77,51.54,51.90,51.53
51.05,50.79,51.08,50.58
50.90,50.80,51.10,50.62
50.83,50.82,51.40,50.73
51.13,52.06,52.19,51.06
51.84,51.79,52.22,51.64
52.56,51.44,52.58,51.39
51.22,51.95,52.21,51.22
51.42,50.91,51.44,50.70
50.97,50.40,51.08,50.30
50.37,49.90,50.43,49.88
49.63,49.85,50.04,49.63
49.94,50.03,50.19,49.79
49.72,50.17,50.52,49.60
50.63,50.18,50.75,49.98
49.50,49.17,49.62,49.08
49.32,49.38,49.50,49.15
49.25,49.12,49.35,49.01
49.36,49.12,49.42,49.12
49.59,49.20,49.86,49.20
49.06,49.01,49.24,48.90
49.37,49.24,49.66,48.99
49.92,50.43,50.51,49.92
51.04,50.73,51.07,50.54
50.88,50.79,50.90,50.55
51.02,50.81,51.21,50.66
50.48,50.27,50.60,49.90
50.31,50.17,50.61,49.93
50.40,50.87,51.13,50.31
51.01,51.16,51.51,51.01
50.94,51.37,51.39,50.71
51.90,52.06,52.30,51.68
52.28,51.95,52.56,51.75
51.76,52.30,52.40,51.69
51.97,51.41,52.56,51.39
51.57,52.13,52.13,51.42
52.30,52.11,52.47,51.76
51.49,50.74,51.51,50.70
50.67,50.49,50.83,50.49
50.03,49.87,50.29,49.85
50.10,50.40,50.43,50.01
50.30,50.15,50.30,49.95
49.64,49.99,50.14,49.64
49.93,49.76,50.05,49.74
49.35,49.34,49.62,49.24
49.40,49.45,49.56,49.14
49.58,49.20,49.64,49.15
49.33,49.08,49.45,49.06
48.94,49.07,49.23,48.85
48.90,48.38,48.98,48.28
48.36,48.32,48.57,48.01
48.37,48.44,48.58,48.16
48.78,48.79,48.88,48.33
48.27,47.89,48.30,47.86
47.89,48.06,48.10,47.82
47.97,47.87,48.44,47.74
47.97,47.99,48.12,47.83
47.72,48.16,48.37,47.47
47.88,47.96,48.18,47.81
48.07,48.33,48.50,47.88
47.92,47.51,48.00,47.36
47.46,47.33,47.55,47.29
47.20,47.39,47.63,47.17
47.34,47.14,47.47,47.03
47.05,47.10,47.26,47.04
47.22,47.11,47.55,46.95
46.86,46.75,46.93,46.50
46.78,46.73,47.07,46.68
46.54,46.87,47.12,46.54
46.89,46.63,46.92,46.47
47.04,47.25,47.50,46.87
47.15,46.68,47.16,46.48
46.45,46.49,46.84,46.22
46.47,46.57,46.65,46.45
46.31,46.40,46.43,46.07
46.62,46.38,46.73,46.34
46.67,46.56,47.01,46.52
46.39,46.65,46.88,46.35
46.71,46.57,46.77,46.54
46.40,46.58,46.83,46.07
46.25,46.33,46.35,46.18
46.29,46.19,46.64,46.13
45.73,45.28,45.78,45.24
45.27,45.21,45.42,45.19
45.39,45.36,45.51,45.31
45.29,45.59,45.76,45.27
45.61,45.54,45.94,45.48
45.86,45.81,46.02,45.73
46.06,46.16,46.40,45.85
46.07,46.15,46.17,45.82
46.43,46.88,47.04,46.37
46.84,46.87,46.96,46.74
46.47,46.14,46.48,46.06
46.21,46.06,46.40,46.04
46.24,46.14,46.66,46.12
46.59,46.74,46.92,46.55
46.47,46.10,46.47,46.05
46.49,46.47,46.59,46.34
46.76,46.59,47.13,46.52
46.99,46.78,47.07,46.54
46.12,45.73,46.14,45.63
45.67,45.29,45.68,45.23
45.44,45.21,45.49,45.18
45.26,45.29,45.33,45.16
44.94,45.33,45.34,44.90
45.31,45.24,45.42,45.18
45.01,45.23,45.37,45.01
45.15,45.06,45.27,45.04
44.92,44.98,45.00,44.76
44.94,44.82,44.94,44.64
44.83,44.84,44.90,44.62
44.79,44.65,44.99,44.62
44.68,44.69,44.87,44.68
44.64,44.78,44.90,44.61
44.62,44.55,44.67,44.49
44.55,44.45,44.56,44.41
44.45,44.39,44.51,44.37
44.50,44.45,44.61,44.42
44.36,44.34,44.51,44.31
44.27,44.31,44.32,44.18
44.35,44.39,44.46,44.30
44.42,44.33,44.55,44.28
44.03,44.02,44.03,43.84
43.88,43.93,44.13,43.88
44.05,43.79,44.05,43.72
43.73,43.87,43.97,43.72
43.80,43.95,44.23,43.77
44.11,44.09,44.33,44.03
43.88,43.97,44.10,43.83
43.75,43.63,43.77,43.53
43.63,43.72,43.84,43.63
43.83,43.50,43.84,43.49
43.49,43.33,43.49,43.25
43.27,43.35,43.45,43.23
43.47,43.32,43.64,43.28
43.09,43.17,43.25,43.04
43.21,42.78,43.23,42.78
42.84,42.83,43.06,42.76
42.75,42.76,42.85,42.62
42.74,42.76,42.80,42.64
42.72,43.30,43.41,42.71
43.23,43.09,43.36,43.09
42.88,42.59,42.92,42.51
42.63,42.53,42.64,42.48
42.59,42.45,42.75,42.39
42.44,42.33,42.58,42.33
42.26,42.10,42.26,42.00
42.07,41.86,42.08,41.80
41.85,41.79,41.97,41.75
41.97,41.82,42.07,41.78
41.95,41.64,41.96,41.61
41.68,41.65,41.77,41.63
41.75,41.81,41.90,41.75
41.72,41.56,41.75,41.51
41.63,41.47,41.68,41.41
41.43,41.19,41.49,41.19
41.47,41.80,41.92,41.33
41.84,42.15,42.30,41.82
42.17,42.28,42.59,42.08
42.08,42.02,42.16,41.96
41.89,41.68,41.92,41.67
41.57,42.30,42.30,41.56
42.34,42.24,42.40,42.07
41.90,41.58,41.90,41.48
41.56,41.86,42.17,41.54
41.79,42.13,42.30,41.60
42.08,41.71,42.20,41.56
41.76,41.66,41.87,41.55
42.06,42.45,42.50,42.06
42.65,42.21,43.39,42.07
42.47,42.40,42.75,42.33
43.41,42.92,43.46,42.68
43.09,43.75,43.97,43.02
43.27,43.14,43.46,43.05
42.64,42.85,42.96,42.60
42.39,42.20,42.39,42.04
42.19,42.28,42.30,42.15
42.39,42.01,42.43,41.90
41.78,41.71,41.96,41.64
41.62,41.55,41.65,41.41
41.48,41.63,41.63,41.37
41.63,41.34,41.69,41.32
41.17,41.11,41.20,40.98
41.11,41.19,41.20,40.99
40.95,41.00,41.12,40.87
40.93,40.93,41.01,40.89
40.98,40.97,41.10,40.79
40.79,40.80,40.90,40.73
40.82,40.87,41.13,40.76
40.73,40.93,41.16,40.73
40.88,40.94,41.04,40.73
41.22,41.35,41.45,41.12
41.09,41.31,41.48,41.09
41.51,41.20,41.68,41.19
41.17,41.06,41.29,40.98
41.53,41.54,41.90,41.49
41.47,41.35,41.53,41.28
40.79,40.67,40.83,40.59
40.54,40.47,41.00,40.47
40.51,40.60,40.68,40.50
40.47,40.20,40.54,40.13
40.12,39.86,40.20,39.81
39.93,39.70,39.93,39.61
39.62,39.43,39.62,39.43
39.28,39.52,39.58,39.27
39.55,39.54,39.68,39.41
39.58,39.77,39.92,39.55
39.92,40.19,40.39,39.82
39.83,39.96,40.12,39.62
39.99,39.86,40.03,39.73
39.78,39.65,39.79,39.54
39.69,39.98,40.14,39.69
40.10,39.77,40.27,39.69
39.76,40.06,40.24,39.71
40.20,40.23,40.28,39.93
40.41,40.46,40.76,40.30
40.40,40.14,40.52,40.11
40.00,39.99,40.22,39.89
40.07,40.28,40.37,40.04
40.84,40.71,40.87,40.60
40.59,40.80,40.80,40.57
40.95,40.67,40.95,40.50
40.75,40.61,40.89,40.48
40.49,40.46,40.53,40.33
40.10,40.06,40.32,40.04
40.17,40.93,40.97,40.17
40.91,41.07,41.27,40.89
41.57,41.39,41.57,41.18
41.48,41.62,41.68,41.40
41.41,41.70,41.70,41.30
41.72,41.74,41.81,41.58
41.66,41.47,41.71,41.26
41.62,42.04,42.10,41.62
41.94,42.03,42.16,41.82
41.74,41.61,41.74,41.43
41.95,42.22,42.32,41.81
42.24,41.94,42.27,41.86
41.64,41.82,41.94,41.57
41.97,41.55,41.98,41.47
41.40,41.20,41.47,41.07
41.34,41.43,41.46,41.11
41.88,41.62,42.25,41.61
41.63,41.99,42.07,41.62
41.98,41.66,42.04,41.45
41.49,41.14,41.53,41.14
41.02,40.89,41.20,40.80
40.71,40.39,40.75,40.33
40.36,39.82,40.41,39.77
39.82,39.88,39.96,39.75
39.90,39.67,39.94,39.61
39.42,39.37,39.48,39.25
39.66,39.54,39.84,39.54
39.94,40.02,40.13,39.84
40.03,40.22,40.22,39.84
40.01,40.06,40.15,39.67
40.02,40.23,40.32,39.80
40.04,40.09,40.34,40.04
40.33,40.39,40.67,40.26
40.13,39.75,40.13,39.66
39.67,39.77,39.86,39.67
39.61,39.27,39.68,39.21
39.35,39.40,39.53,39.29
39.81,39.69,39.86,39.49
39.83,39.97,40.02,39.79
40.14,40.59,40.66,40.13
40.64,40.80,40.87,40.33
41.22,41.14,41.34,40.80
40.57,41.17,41.62,40.56
41.46,42.10,42.10,41.23
42.02,41.95,42.65,41.92
42.50,43.76,43.80,42.41
43.80,43.52,44.67,43.03
44.74,45.88,45.92,44.01
45.25,44.05,46.81,44.05
44.90,46.10,46.23,44.73
45.62,44.37,45.79,43.68
43.88,43.71,44.21,43.47
43.32,42.94,43.45,42.92
43.38,43.24,43.63,42.90
43.02,43.16,43.47,42.69
44.15,44.62,45.14,44.13
45.30,45.44,45.48,44.33
44.44,45.29,45.38,44.42
45.04,44.02,45.21,43.96
44.07,43.37,44.19,43.32
43.18,44.02,44.18,43.05
44.26,43.42,44.84,43.31
42.94,42.51,42.95,42.47
42.59,42.39,42.86,42.11
42.11,42.19,42.49,41.81
42.16,42.62,42.64,41.81
43.36,43.53,43.65,43.18
44.66,43.96,44.73,43.85
43.37,42.86,43.50,42.84
43.08,43.28,43.33,42.59
43.76,44.43,44.65,43.71
45.01,44.16,45.10,44.15
44.08,44.00,44.43,43.81
43.76,43.38,44.40,42.83
42.98,42.63,43.24,42.63
42.47,42.39,42.76,42.31
43.04,42.76,43.32,42.62
42.58,42.75,42.88,42.20
42.74,43.84,43.84,42.62
45.04,45.36,45.90,44.84
45.65,45.17,45.77,45.02
44.81,44.04,45.17,43.99
43.14,43.45,43.68,42.74
43.30,44.15,44.20,42.95
43.39,43.56,44.33,43.11
44.17,44.45,44.51,43.65
44.79,45.53,45.57,44.24
46.12,44.98,46.63,44.83
44.90,44.32,45.16,44.26
44.29,43.57,44.64,43.53
43.28,43.58,43.85,43.13
42.95,42.35,42.96,42.35
42.55,42.44,42.60,42.28
42.15,42.04,42.26,41.63
42.22,42.18,42.53,42.03
41.71,41.52,41.98,41.52
41.69,42.42,42.49,41.69
42.57,41.80,42.80,41.47
41.81,42.02,42.14,41.54
41.98,41.83,42.42,41.70
41.35,40.92,41.40,40.87
40.76,40.53,40.82,40.42
40.74,41.26,41.32,40.71
40.66,40.66,41.27,40.57
39.71,39.48,39.96,39.23
39.59,39.40,39.60,39.35
39.85,40.28,40.28,39.77
41.12,41.26,41.39,40.84
40.77,40.67,41.00,40.52
40.25,39.95,40.64,39.87
40.21,40.15,40.58,40.11
40.16,39.86,40.48,39.83
39.68,39.50,40.03,39.43
40.24,40.72,40.86,40.11
40.31,40.33,40.67,40.09
39.87,39.43,39.87,39.38
39.50,39.70,39.86,39.41
39.81,39.66,39.94,39.40
39.98,40.23,40.27,39.57
40.21,40.63,40.99,40.08
40.48,40.58,40.70,40.39
41.16,41.48,41.75,41.06
41.52,41.62,41.82,41.33
41.93,42.45,42.45,41.90
42.55,42.51,42.55,42.05
41.53,41.42,41.73,41.29
41.35,41.28,41.42,41.04
40.23,39.60,40.23,39.54
39.65,39.61,39.77,39.49
39.22,39.60,39.65,39.20
39.05,39.35,39.59,39.04
39.33,39.22,39.43,38.97
39.30,39.01,39.46,38.82
39.16,39.64,39.75,39.09
39.48,39.02,39.51,38.95
39.32,39.53,39.80,39.32
39.30,39.77,39.92,39.12
39.93,40.16,40.29,39.78
39.73,39.98,40.07,39.69
39.78,40.06,40.18,39.67
39.94,40.36,40.46,39.81
39.77,39.23,39.77,39.15
39.17,39.19,39.54,39.16
39.10,38.97,39.13,38.94
38.88,38.58,38.95,38.57
38.61,38.57,38.67,38.48
38.55,39.02,39.06,38.55
38.94,38.60,38.95,38.57
38.68,38.80,38.80,38.58
38.13,38.26,38.26,37.96
38.34,38.16,38.41,38.11
38.31,38.16,38.55,38.09
38.10,38.26,38.39,38.10
38.22,38.21,38.36,38.16
37.84,38.00,38.03,37.80
38.09,38.03,38.17,37.98
37.96,37.96,38.22,37.92
38.20,38.09,38.43,38.09
37.80,37.93,37.96,37.64
37.93,37.61,37.99,37.59
37.48,37.45,37.63,37.45
37.45,37.17,37.47,37.17
37.18,37.21,37.33,37.05
37.42,37.33,37.48,37.30
37.43,37.08,37.59,37.00
36.89,37.12,37.24,36.81
37.32,37.32,37.42,37.21
37.60,37.37,37.73,37.35
37.17,37.39,37.60,37.16
37.11,37.17,37.20,36.96
37.11,37.20,37.29,37.09
36.82,36.72,36.88,36.71
36.89,36.80,36.92,36.77
36.84,36.68,36.95,36.61
36.65,36.63,36.82,36.60
36.56,36.61,36.73,36.50
36.89,36.86,37.02,36.86
36.65,36.64,36.81,36.60
36.72,36.63,36.88,36.63
36.53,36.86,36.95,36.52
36.83,36.51,36.83,36.48
36.35,36.38,36.47,36.33
36.27,36.34,36.42,36.22
36.38,36.40,36.48,36.30
36.45,36.27,36.55,36.23
36.22,36.25,36.35,36.17
36.45,36.26,36.54,36.14
36.26,36.18,36.32,36.14
36.13,36.36,36.39,36.04
36.24,36.23,36.34,36.10
36.25,36.25,36.39,36.20
36.31,36.30,36.51,36.26
36.72,36.87,36.92,36.65
36.82,36.61,36.83,36.56
36.45,36.41,36.54,36.33
36.34,36.34,36.41,36.24
36.34,36.25,36.37,36.20
36.07,35.62,36.15,35.61
35.61,35.58,35.64,35.50
35.55,35.45,35.63,35.42
35.34,35.45,35.48,35.31
35.51,35.45,35.53,35.36
35.66,35.63,35.76,35.57
35.60,35.76,35.78,35.59
35.95,35.96,36.06,35.88
35.96,35.86,36.10,35.82
35.62,35.45,35.63,35.43
35.41,35.54,35.56,35.37
35.54,35.73,35.89,35.51
35.94,35.70,35.99,35.67
35.54,35.49,35.68,35.46
35.58,35.36,35.63,35.27
35.43,35.53,35.70,35.34
35.83,35.86,36.00,35.77
35.97,35.90,36.01,35.80
36.30,36.23,36.30,36.10
36.30,36.84,36.85,36.25
36.49,36.57,36.60,36.46
36.50,36.06,36.53,36.05
36.16,36.40,36.44,36.16
36.18,36.22,36.32,36.03
36.01,35.69,36.01,35.64
35.86,35.91,35.93,35.73
35.87,36.06,36.26,35.76
35.91,35.91,35.92,35.76
36.24,36.18,36.40,36.16
36.11,35.98,36.11,35.83
35.74,35.70,35.86,35.67
35.77,35.39,35.77,35.34
35.30,35.35,35.43,35.24
35.39,35.37,35.48,35.33
35.37,35.20,35.50,35.03
35.32,35.24,35.41,35.21
35.22,35.40,35.45,35.18
35.55,35.84,35.88,35.53
35.98,35.91,36.02,35.81
36.10,36.14,36.44,36.06
36.45,36.35,36.60,36.12
36.17,36.31,36.36,36.06
36.50,36.36,36.50,36.10
36.65,36.73,36.82,36.51
36.75,36.91,36.98,36.54
36.78,36.95,36.96,36.60
36.93,37.40,37.41,36.93
37.27,37.64,37.73,37.26
37.53,37.20,37.62,37.20
37.17,37.20,37.39,37.00
37.45,37.24,37.79,37.22
37.16,37.12,37.45,37.09
37.19,37.37,37.44,37.12
37.07,36.95,37.16,36.87
37.27,37.43,37.50,37.26
37.43,37.49,37.72,37.21
37.98,38.32,38.35,37.91
38.31,38.40,38.58,38.24
38.47,38.33,38.48,38.24
38.02,37.38,38.03,37.38
37.00,37.24,37.30,36.95
37.34,36.94,37.42,36.93
36.64,37.38,37.41,36.63
37.26,36.87,37.35,36.87
36.96,37.07,37.21,36.79
37.02,36.59,37.05,36.48
36.46,36.29,36.50,36.26
36.46,36.34,36.48,36.23
36.19,36.09,36.24,35.90
36.07,36.11,36.33,35.96
36.05,36.83,36.86,36.02
36.62,36.57,36.72,36.51
36.93,37.03,37.15,36.92
36.93,36.91,37.16,36.80
36.83,36.64,36.84,36.58
36.94,36.70,37.15,36.68
36.12,35.90,36.22,35.88
35.89,35.94,36.13,35.83
35.94,35.73,35.98,35.70
35.85,35.84,35.96,35.65
36.12,36.16,36.35,36.10
36.22,36.26,36.41,36.20
36.06,36.50,36.64,36.00
36.49,36.63,36.84,36.48
36.85,36.74,36.96,36.56
36.63,36.13,36.65,36.11
36.23,36.28,36.37,36.17
36.15,36.06,36.50,35.97
36.17,35.73,36.17,35.70
35.65,35.64,35.78,35.55
35.88,35.95,36.00,35.78
36.52,36.27,36.64,36.18
36.26,36.55,36.81,36.23
36.33,36.37,36.51,36.22
35.88,35.76,35.96,35.64
35.65,35.25,35.66,35.12
35.27,35.27,35.33,35.09
35.29,35.44,35.44,35.23
35.25,35.54,35.56,35.24
35.87,35.78,36.03,35.56
35.33,35.14,35.35,35.06
35.09,35.11,35.11,34.91
34.99,34.98,34.99,34.84
35.11,34.93,35.11,34.85
34.95,34.95,35.04,34.85
35.02,34.82,35.12,34.82
34.86,34.88,35.05,34.83
34.79,34.90,34.98,34.75
34.93,34.89,34.93,34.80
34.86,34.64,34.92,34.60
34.63,34.60,34.65,34.58
34.66,34.59,34.70,34.59
34.54,34.78,34.81,34.43
34.82,34.83,34.98,34.76
34.90,35.14,35.18,34.90
35.17,34.85,35.21,34.80
34.85,34.93,34.96,34.80
35.01,35.00,35.04,34.87
35.00,34.98,35.05,34.88
35.12,35.24,35.31,35.12
35.06,34.96,35.19,34.85
35.00,35.14,35.31,35.00
35.12,35.11,35.18,34.99
34.89,34.45,34.89,34.45
34.43,34.41,34.51,34.37
34.46,34.53,34.54,34.36
34.49,34.37,34.49,34.28
34.28,34.30,34.37,34.23
34.34,33.78,34.34,33.69
33.71,33.65,33.77,33.50
33.71,33.75,33.80,33.64
33.82,33.70,33.83,33.67
33.65,33.69,33.73,33.56
33.81,33.62,33.87,33.62
33.49,33.69,33.70,33.48
33.82,33.71,33.82,33.61
33.65,33.94,33.97,33.58
33.94,34.08,34.10,33.92
33.93,33.90,34.06,33.81
34.07,34.01,34.19,33.93
33.89,33.84,33.90,33.61
33.76,33.91,34.02,33.70
33.86,33.86,34.00,33.76
33.73,33.66,33.78,33.60
33.50,33.55,33.65,33.42
33.67,33.62,33.69,33.57
33.67,33.89,33.89,33.60
33.93,34.20,34.25,33.92
34.05,34.26,34.26,33.99
34.21,34.24,34.33,34.08
34.19,34.00,34.23,33.96
33.86,33.68,33.87,33.67
33.77,33.65,33.77,33.64
33.68,33.66,33.76,33.56
33.77,34.18,34.25,33.75
34.22,34.17,34.45,34.11
34.56,34.79,34.83,34.56
34.72,34.86,34.89,34.65
34.66,34.76,34.95,34.62
34.80,34.78,34.94,34.66
34.63,34.77,34.91,34.55
34.69,34.43,34.71,34.33
34.28,34.78,34.82,34.28
34.86,34.72,34.94,34.65
34.61,34.41,34.63,34.25
34.69,35.12,35.30,34.69
35.16,35.48,35.49,35.02
35.67,35.49,35.68,35.25
35.43,35.46,35.56,35.33
35.65,35.62,35.67,35.23
35.52,36.10,36.18,35.47
36.16,36.16,36.31,36.02
36.16,36.07,36.39,36.00
35.76,35.46,35.78,35.46
35.56,35.46,35.69,35.40
35.47,35.31,35.48,35.30
35.16,34.83,35.16,34.83
35.04,34.95,35.13,34.95
35.03,35.17,35.21,34.91
35.31,34.90,35.49,34.87
34.72,34.76,34.94,34.65
34.74,34.77,34.85,34.67
34.61,34.90,34.94,34.59
34.91,34.98,34.98,34.76
34.89,34.72,35.02,34.57
34.70,34.59,34.76,34.58
34.44,34.35,34.57,34.35
34.35,34.32,34.37,34.25
34.20,34.13,34.21,33.97
34.00,34.13,34.17,33.90
34.13,34.32,34.36,34.07
34.34,34.39,34.44,34.28
34.34,34.13,34.35,34.11
34.06,33.83,34.13,33.81
33.80,34.08,34.08,33.80
34.10,33.92,34.17,33.90
34.38,34.21,34.42,34.14
34.34,34.36,34.50,34.28
34.30,34.43,34.52,34.26
34.41,34.48,34.82,34.35
34.71,34.89,34.91,34.55
34.99,34.40,35.03,34.40
33.81,33.60,33.86,33.60
33.65,33.67,33.74,33.56
33.64,33.57,33.70,33.53
33.64,33.68,33.78,33.64
33.75,33.80,33.89,33.69
33.72,33.64,33.72,33.58
33.53,33.43,33.66,33.42
33.45,33.40,33.51,33.38
33.38,33.35,33.47,33.32
33.50,33.29,33.50,33.25
33.41,33.35,33.42,33.31
33.23,33.12,33.26,33.02
33.07,33.02,33.17,32.99
33.00,32.86,33.04,32.85
32.73,32.68,32.74,32.63
32.64,32.57,32.65,32.43
32.44,32.39,32.53,32.39
32.35,32.41,32.47,32.33
32.44,32.25,32.44,32.21
32.25,32.35,32.37,32.22
32.38,32.45,32.46,32.27
32.24,32.13,32.29,32.09
32.34,32.39,32.44,32.30
32.22,32.19,32.23,32.09
32.32,32.14,32.32,32.13
32.16,32.23,32.43,32.16
32.20,32.12,32.20,32.05
32.12,32.16,32.23,32.12
32.15,32.05,32.16,32.00
32.01,32.09,32.17,31.97
32.21,32.08,32.22,32.06
32.08,32.08,32.25,32.03
32.05,31.96,32.08,31.92
31.97,32.19,32.22,31.89
32.28,32.30,32.41,32.21
32.12,32.00,32.23,32.00
31.85,32.47,32.50,31.83
32.35,32.23,32.42,32.18
32.25,31.81,32.25,31.75
31.81,31.87,31.87,31.65
31.97,31.79,32.12,31.74
31.83,31.69,31.91,31.69
31.54,31.39,31.54,31.33
31.27,31.32,31.36,31.24
31.26,31.23,31.28,31.18
31.05,31.08,31.21,31.04
31.09,30.98,31.13,30.96
30.98,30.94,31.03,30.89
30.92,30.93,31.02,30.89
30.86,30.76,30.87,30.75
30.81,30.80,30.89,30.78
31.00,30.91,31.03,30.79
30.86,30.92,31.08,30.79
30.79,30.79,30.83,30.72
30.92,30.98,31.07,30.83
30.90,30.79,30.91,30.78
30.72,30.90,31.04,30.67
30.82,30.68,30.82,30.68
30.86,30.75,30.94,30.72
30.72,30.66,30.76,30.63
30.68,30.65,30.74,30.59
30.57,30.48,30.57,30.42
30.46,30.69,30.74,30.42
30.66,30.58,30.72,30.53
30.90,30.66,30.93,30.64
30.66,30.54,30.78,30.54
30.50,30.41,30.57,30.32
30.30,30.16,30.32,30.09
30.12,30.03,30.17,29.97
30.10,30.03,30.16,30.02
30.12,30.54,30.54,30.11
30.31,30.22,30.41,30.21
30.38,30.51,30.61,30.37
30.49,30.67,30.74,30.46
30.74,30.63,30.80,30.62
30.60,30.60,30.83,30.55
30.42,30.27,30.62,30.27
30.23,30.34,30.37,30.20
30.30,30.28,30.37,30.16
30.34,30.27,30.34,30.21
30.20,30.06,30.25,30.00
30.05,30.02,30.22,30.01
30.12,30.30,30.32,30.08
30.20,30.03,30.24,30.02
29.77,29.74,29.78,29.65
29.74,29.75,29.79,29.70
29.66,29.58,29.72,29.56
29.61,29.43,29.61,29.43
29.44,29.44,29.54,29.35
29.40,29.42,29.55,29.39
29.45,29.44,29.51,29.41
29.44,29.21,29.44,29.19
29.23,29.05,29.24,29.00
29.09,29.13,29.16,29.01
29.06,28.92,29.09,28.90
28.93,28.94,28.98,28.83
28.87,28.83,28.96,28.76
28.80,28.99,29.07,28.54
29.19,28.98,29.21,28.89
29.11,28.99,29.18,28.97
28.71,28.78,28.83,28.56
28.94,28.97,29.11,28.89
28.96,28.91,29.01,28.79
29.01,29.30,29.30,28.80
29.20,29.05,29.29,29.05
29.08,29.19,29.33,28.96
29.28,29.60,29.63,29.23
29.63,29.44,29.82,29.44
29.27,29.02,29.36,29.02
28.93,29.03,29.09,28.92
29.28,29.27,29.33,29.03
29.06,29.51,29.52,29.03
29.53,29.14,29.57,29.08
29.15,29.34,29.39,29.07
29.16,29.12,29.25,28.96
29.08,28.86,29.08,28.82
28.90,29.24,29.24,28.85
29.51,29.92,29.98,29.48
29.78,29.85,30.09,29.73
30.13,30.13,30.36,29.90
29.90,29.92,30.04,29.80
29.73,29.61,29.77,29.55
29.42,29.39,29.44,29.28
29.49,29.63,29.65,29.36
29.47,29.48,29.51,29.25
29.53,29.56,29.67,29.32
29.68,29.44,29.70,29.37
29.22,29.14,29.47,29.14
29.01,28.97,29.02,28.88
28.82,28.81,28.92,28.78
28.82,28.83,28.89,28.73
28.52,28.49,28.63,28.47
28.50,28.53,28.59,28.44
28.48,28.45,28.51,28.41
28.48,28.53,28.58,28.45
28.46,28.48,28.54,28.42
28.39,28.32,28.41,28.25
28.38,28.35,28.43,28.34
28.32,28.33,28.39,28.27
28.23,28.29,28.34,28.23
28.21,28.34,28.42,28.21
28.45,28.32,28.49,28.30
28.45,28.32,28.59,28.31
28.38,28.34,28.44,28.33
28.26,28.37,28.44,28.24
28.31,28.38,28.41,28.15
28.18,28.17,28.22,28.13
28.26,28.13,28.29,28.12
28.17,28.19,28.24,28.16
28.28,28.37,28.44,28.27
28.47,28.43,28.52,28.40
28.26,28.37,28.52,28.25
28.43,28.49,28.65,28.35
28.62,28.51,28.64,28.47
28.43,28.44,28.64,28.34
28.46,28.65,28.68,28.44
28.88,29.05,29.08,28.88
29.09,29.11,29.15,29.00
29.13,29.25,29.25,29.05
29.22,29.23,29.27,29.11
29.30,29.44,29.49,29.21
29.41,29.32,29.43,29.26
29.26,29.23,29.38,29.18
29.21,29.33,29.34,29.14
29.56,29.67,29.70,29.44
29.70,29.57,29.70,29.49
29.56,29.54,29.60,29.38
29.47,29.62,29.68,29.47
29.41,29.56,29.65,29.34
29.56,29.34,29.61,29.29
29.34,29.33,29.35,29.23
29.25,29.35,29.60,29.17
29.27,29.06,29.27,29.02
28.87,28.80,28.94,28.80
28.82,28.55,28.82,28.55
28.52,28.61,28.63,28.51
28.53,28.45,28.55,28.43
28.14,28.21,28.27,28.12
28.22,28.16,28.22,28.12
28.18,27.89,28.27,27.84
27.87,27.97,27.99,27.86
27.97,28.26,28.26,27.94
28.32,28.39,28.45,28.28
28.39,28.50,28.53,28.33
28.48,28.62,28.67,28.45
28.56,28.52,28.61,28.41
28.64,28.67,28.74,28.62
28.94,28.89,28.99,28.79
28.88,28.77,28.93,28.74
28.90,28.90,29.05,28.87
28.95,29.13,29.23,28.94
29.13,28.98,29.19,28.97
29.25,29.25,29.28,29.10
29.27,29.55,29.56,29.24
29.52,29.48,29.67,29.39
29.23,28.84,29.23,28.84
28.87,28.63,28.90,28.63
28.82,28.50,28.84,28.50
28.56,28.77,28.77,28.52
28.58,28.38,28.60,28.36
28.63,28.37,28.63,28.35
28.30,28.32,28.44,28.28
28.31,28.33,28.37,28.29
28.24,28.18,28.28,28.09
28.29,28.29,28.36,28.25
28.22,28.10,28.22,28.06
28.07,28.00,28.10,28.00
28.02,27.98,28.05,27.94
27.93,27.80,27.95,27.79
27.75,27.91,27.98,27.72
27.93,28.01,28.04,27.84
27.94,27.90,28.03,27.86
27.82,27.86,27.95,27.81
27.99,27.90,28.07,27.85
27.78,27.65,27.80,27.65
27.57,27.89,27.92,27.55
27.92,27.59,27.93,27.59
27.63,27.58,27.64,27.56
27.61,27.63,27.70,27.55
27.78,27.48,27.78,27.48
27.48,27.37,27.51,27.36
27.35,27.24,27.36,27.23
27.15,27.21,27.26,27.11
27.17,27.22,27.25,27.11
27.18,27.32,27.39,27.13
27.21,27.13,27.24,27.12
27.14,27.04,27.18,27.03
26.97,27.01,27.04,26.95
27.00,27.00,27.02,26.93
26.96,26.96,27.03,26.93
26.90,26.97,26.99,26.83
26.96,27.11,27.14,26.95
27.21,27.26,27.35,27.16
27.36,27.29,27.46,27.18
27.35,27.41,27.43,27.29
27.16,27.05,27.23,27.05
27.06,27.05,27.06,26.98
27.12,27.13,27.14,27.05
27.11,27.35,27.38,27.10
27.39,27.51,27.57,27.34
27.51,27.48,27.55,27.42
27.35,27.26,27.36,27.18
27.20,27.27,27.35,27.20
27.21,26.77,27.40,26.76
26.81,26.75,26.84,26.72
26.70,26.64,26.72,26.57
26.55,26.55,26.59,26.51
26.53,26.47,26.54,26.45
26.38,26.25,26.40,26.25
26.20,26.27,26.29,26.19
26.23,26.23,26.26,26.21
26.17,26.11,26.20,26.09
26.20,26.30,26.34,26.17
26.26,26.26,26.31,26.18
26.17,26.33,26.36,26.17
26.21,26.16,26.21,26.11
26.21,26.25,26.33,26.18
26.15,26.28,26.39,26.15
26.23,26.29,26.39,26.21
26.33,26.58,26.61,26.27
26.52,26.39,26.57,26.39
26.36,26.22,26.37,26.18
26.28,26.30,26.37,26.26
26.31,26.26,26.34,26.18
26.11,26.32,26.47,26.11
26.31,26.37,26.44,26.31
26.55,26.65,26.75,26.54
26.82,27.16,27.17,26.78
27.14,27.24,27.34,27.07
27.17,27.09,27.20,27.06
27.32,27.41,27.47,27.21
27.21,27.23,27.36,27.12
27.55,27.48,27.62,27.30
27.50,28.05,28.08,27.47
27.97,27.93,28.08,27.86
28.00,27.93,28.11,27.85
27.81,27.56,27.82,27.55
27.48,27.26,27.56,27.26
27.26,27.26,27.37,27.25
27.22,26.94,27.23,26.86
26.88,26.91,27.00,26.80
27.10,26.82,27.12,26.80
26.95,26.62,26.95,26.58
26.60,26.64,26.68,26.59
26.69,26.79,26.81,26.49
26.77,26.62,26.84,26.58
26.62,26.67,26.69,26.53
26.63,26.52,26.63,26.34
26.50,26.55,26.60,26.43
26.51,26.50,26.58,26.42
26.51,26.38,26.57,26.38
26.37,26.30,26.46,26.17
26.54,26.55,26.69,26.46
26.26,26.18,26.28,26.13
26.17,26.23,26.25,26.17
26.15,26.12,26.17,26.08
26.01,26.08,26.15,25.99
26.12,26.12,26.26,26.11
26.09,26.23,26.26,26.05
26.34,26.24,26.36,26.19
26.17,26.60,26.64,26.12
26.65,26.68,26.70,26.51
26.54,26.38,26.55,26.33
26.32,26.22,26.34,26.17
26.24,26.40,26.56,26.18
26.45,26.21,26.52,26.19
26.14,26.28,26.29,26.02
26.21,26.31,26.42,26.15
26.17,26.16,26.29,26.11
26.04,26.32,26.32,26.01
26.35,26.33,26.45,26.27
26.29,26.24,26.33,26.09
26.10,26.02,26.10,25.98
25.94,25.90,25.96,25.84
25.85,25.84,25.93,25.81
25.78,25.83,25.89,25.77
25.73,26.07,26.11,25.72
26.12,26.34,26.35,26.06
26.37,26.32,26.44,26.25
26.20,26.02,26.29,26.02
26.01,26.44,26.48,25.99
26.58,26.68,26.70,26.47
26.50,26.43,26.63,26.41
26.41,26.29,26.61,26.28
26.12,26.02,26.18,26.02
26.07,26.04,26.10,25.97
26.02,25.99,26.04,25.95
25.94,25.87,25.96,25.79
25.84,25.89,25.92,25.84
25.84,25.89,25.96,25.82
25.99,26.10,26.15,25.97
25.97,25.97,26.18,25.88
25.90,25.83,25.91,25.79
25.85,25.76,25.86,25.73
25.79,25.80,25.85,25.72
25.80,25.87,25.90,25.70
25.99,25.83,26.08,25.80
25.89,26.03,26.03,25.89
25.90,25.82,26.07,25.81
25.81,25.78,25.84,25.66
25.78,25.71,25.84,25.70
25.61,25.53,25.62,25.52
25.50,25.50,25.52,25.46
25.49,25.65,25.67,25.49
25.69,25.87,25.97,25.69
25.88,25.82,25.94,25.80
25.89,25.77,25.89,25.76
25.79,25.98,26.05,25.79
25.91,25.74,25.92,25.73
25.74,25.72,25.79,25.68
25.70,25.60,25.70,25.60
25.52,25.51,25.55,25.48
25.50,25.56,25.58,25.50
25.51,25.47,25.57,25.46
25.48,25.43,25.53,25.42
25.39,25.39,25.48,25.36
25.43,25.42,25.46,25.40
25.44,25.40,25.49,25.38
25.35,25.23,25.43,25.22
25.17,25.11,25.19,25.10
25.10,25.07,25.11,25.03
25.10,25.06,25.14,25.06
25.16,25.22,25.25,25.15
25.22,25.37,25.41,25.21
25.33,25.32,25.40,25.28
25.35,25.29,25.39,25.27
25.35,25.24,25.36,25.23
25.26,25.12,25.34,25.10
25.10,25.10,25.18,25.08
25.03,25.03,25.06,25.00
25.05,25.07,25.12,25.05
25.09,25.23,25.26,25.01
25.27,25.15,25.28,25.13
25.15,25.20,25.34,25.15
25.23,25.18,25.30,25.17
25.21,25.22,25.25,25.15
25.16,25.02,25.16,24.95
25.01,24.99,25.02,24.98
24.93,24.86,24.93,24.84
24.91,24.93,24.97,24.90
24.95,25.07,25.13,24.95
25.02,24.96,25.06,24.94
25.21,25.04,25.23,25.00
25.08,25.01,25.14,25.01
24.87,24.85,24.89,24.81
24.82,24.84,24.91,24.76
24.74,24.73,24.80,24.72
24.77,24.96,24.96,24.70
24.87,24.78,24.90,24.76
24.84,24.84,24.94,24.80
24.78,24.74,24.79,24.72
24.73,24.78,24.82,24.73
24.75,24.79,24.82,24.74
24.88,24.97,25.02,24.88
24.97,24.93,25.08,24.90
24.87,25.03,25.03,24.82
24.95,25.08,25.17,24.92
25.25,25.54,25.54,25.23
25.63,25.67,25.74,25.53
25.62,25.54,25.73,25.49
25.61,25.76,25.85,25.58
25.84,25.71,25.85,25.64
25.62,25.82,25.88,25.61
25.80,25.54,25.84,25.52
25.43,25.50,25.51,25.40
25.53,25.51,25.57,25.47
25.44,25.36,25.46,25.33
25.33,25.26,25.36,25.26
25.17,25.33,25.46,25.16
25.19,25.06,25.19,25.05
24.98,24.94,25.02,24.92
24.96,24.84,24.96,24.81
24.80,24.75,24.82,24.70
24.76,24.80,24.82,24.70
24.69,24.68,24.71,24.62
24.64,24.64,24.66,24.57
24.60,24.63,24.67,24.60
24.71,24.66,24.76,24.64
24.63,24.64,24.73,24.63
24.62,24.66,24.75,24.62
24.57,24.67,24.69,24.55
24.63,24.68,24.74,24.54
24.68,24.59,24.76,24.58
24.62,24.61,24.66,24.57
24.66,24.74,24.78,24.65
24.74,24.66,24.81,24.64
24.79,24.69,24.79,24.68
24.72,24.77,24.84,24.70
24.75,24.72,24.82,24.68
24.77,24.56,24.77,24.51
24.54,24.53,24.60,24.44
24.47,24.38,24.48,24.35
24.24,24.33,24.38,24.24
24.35,24.49,24.51,24.35
24.57,24.64,24.66,24.49
24.65,24.43,24.69,24.41
24.48,24.80,24.81,24.47
24.73,24.57,24.75,24.52
24.79,24.63,24.83,24.59
24.62,24.66,24.70,24.51
24.69,25.01,25.04,24.69
25.06,25.02,25.20,24.92
24.82,24.70,24.91,24.67
24.60,24.72,24.81,24.56
24.85,25.12,25.12,24.83
25.12,24.71,25.20,24.68
24.78,25.17,25.20,24.74
25.20,25.36,25.36,25.03
25.36,25.70,25.71,25.27
25.59,25.70,25.77,25.47
26.00,25.96,26.43,25.87
26.32,26.04,26.37,25.87
25.69,25.59,25.78,25.51
25.76,25.55,25.77,25.55
25.43,25.20,25.48,25.20
25.17,25.42,25.45,25.15
25.17,25.11,25.17,24.97
25.09,24.91,25.15,24.90
24.99,24.89,25.03,24.87
24.81,24.62,24.85,24.62
24.57,24.65,24.78,24.53
24.64,24.33,24.64,24.30
24.09,24.09,24.17,24.05
24.06,24.10,24.13,24.03
24.14,24.08,24.22,24.05
23.93,23.93,24.04,23.91
23.91,23.83,23.97,23.81
23.83,23.79,23.89,23.78
23.78,23.74,23.82,23.71
23.73,23.73,23.76,23.69
23.83,23.71,23.83,23.69
23.69,23.66,23.74,23.59
23.68,23.68,23.70,23.64
23.72,23.65,23.72,23.62
23.65,23.58,23.65,23.53
23.60,23.59,23.68,23.55
23.71,23.55,23.71,23.55
23.32,23.44,23.48,23.31
23.38,23.41,23.44,23.36
23.38,23.40,23.44,23.37
23.40,23.39,23.43,23.38
23.38,23.37,23.41,23.29
23.45,23.44,23.52,23.39
23.42,23.32,23.42,23.28
23.31,23.27,23.33,23.23
23.29,23.29,23.38,23.23
23.22,23.18,23.25,23.15
23.26,23.33,23.39,23.19
23.53,23.38,23.61,23.38
23.44,23.74,23.77,23.44
23.67,23.64,23.68,23.42
23.82,24.04,24.06,23.69
23.95,24.21,24.29,23.88
24.29,24.34,24.36,23.85
24.28,23.95,24.30,23.89
23.62,23.37,23.71,23.37
23.31,23.32,23.40,23.23
23.25,23.11,23.25,23.11
23.05,23.04,23.06,22.97
23.02,23.02,23.04,22.97
22.99,22.98,22.99,22.93
23.03,23.02,23.03,22.97
23.08,23.09,23.12,23.05
23.05,23.28,23.30,23.01
23.20,23.28,23.41,23.13
23.41,23.68,23.75,23.39
23.65,23.88,24.02,23.60
23.70,23.59,23.77,23.56
23.36,23.15,23.36,23.14
23.13,23.36,23.43,23.13
23.33,23.49,23.59,23.31
23.28,23.52,23.69,23.13
23.87,23.79,24.00,23.71
23.69,23.91,23.95,23.65
23.96,23.66,24.03,23.63
23.59,23.65,23.87,23.55
23.73,23.59,23.80,23.53
23.51,23.23,23.68,23.20
23.25,23.43,23.43,23.25
23.46,23.43,23.56,23.39
23.79,23.79,23.93,23.66
23.67,24.06,24.07,23.67
24.00,23.76,24.15,23.74
23.85,24.10,24.12,23.75
24.02,23.84,24.28,23.81
23.71,23.42,23.71,23.40
23.47,23.40,23.48,23.25
23.29,23.13,23.30,23.10
23.09,23.17,23.24,23.01
23.28,23.29,23.35,23.20
23.16,23.12,23.28,23.08
23.16,23.10,23.23,23.05
23.02,22.95,23.05,22.93
22.92,22.89,22.96,22.86
22.92,22.86,22.96,22.83
22.89,22.87,22.93,22.84
22.94,22.89,22.99,22.88
22.97,22.71,23.05,22.70
22.76,22.73,22.81,22.73
22.73,22.61,22.74,22.59
22.63,22.61,22.66,22.58
22.61,22.59,22.68,22.58
22.62,22.69,22.71,22.62
22.67,22.52,22.67,22.52
22.56,22.61,22.69,22.55
22.67,22.75,22.82,22.67
22.70,22.70,22.76,22.67
22.84,23.03,23.07,22.78
23.02,22.87,23.02,22.81
23.05,23.26,23.26,23.03
23.22,23.29,23.32,23.17
23.18,22.96,23.19,22.94
23.03,23.14,23.30,23.02
23.04,22.84,23.04,22.82
22.97,22.99,23.08,22.95
23.08,22.71,23.20,22.68
22.78,22.86,22.88,22.76
22.70,22.65,22.74,22.55
22.64,22.66,22.66,22.55
22.69,22.79,22.79,22.62
22.77,23.15,23.16,22.76
23.25,23.21,23.33,23.10
23.23,23.16,23.27,23.15
22.97,22.82,22.97,22.78
22.93,23.05,23.07,22.87
23.06,23.17,23.32,23.06
23.16,23.08,23.20,23.01
23.21,22.93,23.24,22.84
22.92,22.94,22.94,22.80
22.91,22.91,23.00,22.80
22.91,22.83,22.99,22.80
22.78,22.69,22.84,22.69
22.72,22.79,22.80,22.64
22.79,22.72,22.89,22.68
22.62,22.63,22.67,22.57
22.65,22.62,22.68,22.55
22.83,22.98,23.07,22.80
22.80,22.71,22.81,22.63
22.62,22.81,22.84,22.60
22.77,22.71,22.89,22.69
22.79,22.65,22.80,22.58
22.66,22.64,22.73,22.62
22.52,22.69,22.71,22.52
22.68,22.61,22.85,22.59
22.73,22.70,22.80,22.62
22.72,22.94,23.03,22.71
22.80,22.72,22.83,22.71
22.66,22.66,22.67,22.57
22.66,22.83,22.85,22.63
22.73,22.91,23.05,22.66
22.93,22.80,22.96,22.74
22.55,22.47,22.56,22.44
22.47,22.55,22.57,22.43
22.67,22.60,22.78,22.54
22.58,22.59,22.63,22.51
22.45,22.37,22.46,22.35
22.34,22.33,22.39,22.32
22.33,22.29,22.35,22.26
22.27,22.27,22.33,22.22
22.24,22.29,22.31,22.22
22.32,22.28,22.34,22.26
22.31,22.35,22.37,22.29
22.38,22.57,22.65,22.38
22.53,22.43,22.56,22.40
22.49,22.45,22.54,22.45
22.47,22.60,22.66,22.47
22.49,22.57,22.63,22.48
22.60,22.60,22.70,22.51
22.51,22.51,22.60,22.41
22.60,22.73,22.77,22.51
22.73,22.80,22.83,22.69
22.80,22.90,22.91,22.80
22.90,22.95,22.97,22.84
22.83,22.61,22.83,22.55
22.52,22.54,22.56,22.46
22.62,22.71,22.77,22.60
22.88,22.84,22.97,22.82
22.85,22.70,22.86,22.68
22.65,22.67,22.78,22.60
22.58,22.45,22.58,22.37
22.49,22.56,22.57,22.44
22.43,22.42,22.46,22.35
22.40,22.41,22.45,22.34
22.46,22.60,22.61,22.42
22.53,22.71,22.71,22.53
22.63,22.64,22.70,22.56
22.84,23.06,23.09,22.76
22.91,23.05,23.10,22.90
22.83,22.85,22.95,22.80
22.81,22.89,22.94,22.77
23.07,22.93,23.11,22.88
22.91,22.81,23.23,22.81
23.00,23.14,23.19,22.96
22.87,23.10,23.12,22.83
22.87,22.83,22.93,22.79
22.63,22.57,22.65,22.53
22.56,22.46,22.58,22.43
22.45,22.46,22.51,22.41
22.34,22.37,22.44,22.34
22.43,22.42,22.47,22.40
22.38,22.39,22.44,22.34
22.53,22.60,22.68,22.52
22.68,22.69,22.75,22.61
22.70,22.84,22.88,22.70
22.82,23.04,23.07,22.82
23.20,23.20,23.27,23.15
23.14,22.96,23.21,22.94
22.92,22.82,22.95,22.77
22.86,22.81,22.95,22.79
22.75,22.89,22.91,22.75
22.86,23.01,23.13,22.86
23.01,23.06,23.13,22.96
22.99,23.07,23.10,22.91
23.04,23.20,23.29,23.03
23.26,23.26,23.40,23.22
23.13,22.94,23.13,22.92
23.15,23.21,23.27,23.11
23.40,23.20,23.57,23.17
23.21,23.19,23.28,23.09
23.20,23.10,23.21,23.08
23.21,23.00,23.28,22.99
23.06,23.05,23.08,22.98
23.17,23.24,23.33,23.03
23.45,23.73,23.73,23.42
24.00,24.45,24.46,23.86
25.71,25.36,27.35,24.62
24.55,25.64,25.69,24.53
25.02,24.63,25.48,24.62
24.31,24.07,24.58,24.07
24.18,24.11,24.25,24.05
24.25,24.26,24.38,24.11
24.81,24.95,25.06,24.64
24.58,24.47,24.83,24.47
24.35,24.44,24.54,24.19
24.82,24.85,24.97,24.72
24.44,24.25,24.50,24.23
24.00,24.59,24.65,23.98
24.62,24.49,24.65,24.31
24.55,24.32,24.60,24.30
24.31,24.41,24.46,24.29
24.33,24.06,24.37,23.99
24.01,23.87,24.06,23.83
23.85,23.95,24.00,23.46
24.31,24.38,24.42,24.13
24.22,24.17,24.35,24.07
24.50,24.44,24.60,24.39
24.41,24.51,24.62,24.40
24.73,24.62,24.91,24.57
24.32,24.45,24.59,24.23
24.59,24.91,24.95,24.59
24.91,24.87,25.02,24.74
24.59,24.50,24.73,24.46
24.44,24.51,24.80,24.39
24.82,24.21,24.89,24.20
24.00,23.76,24.06,23.71
23.74,23.72,23.79,23.62
23.56,23.55,23.75,23.48
23.60,23.36,23.61,23.31
23.30,23.31,23.39,23.27
23.28,23.24,23.33,23.23
23.39,23.32,23.39,23.19
23.33,23.52,23.58,23.28
23.48,23.21,23.51,23.21
23.18,23.12,23.27,23.11
23.21,23.09,23.24,23.09
23.15,23.10,23.21,23.05
23.04,23.17,23.20,22.97
23.04,22.74,23.05,22.71
22.56,22.52,22.65,22.48
22.52,22.56,22.58,22.50
22.65,22.62,22.67,22.55
22.58,22.35,22.64,22.35
22.41,22.38,22.47,22.34
22.35,22.51,22.51,22.33
22.45,22.28,22.46,22.26
22.30,22.17,22.33,22.10
22.11,22.23,22.28,22.10
22.22,22.21,22.33,22.14
22.24,22.17,22.33,22.15
22.22,22.38,22.45,22.22
22.42,22.34,22.45,22.31
22.28,22.39,22.40,22.26
22.55,22.72,22.72,22.50
22.80,22.98,22.99,22.73
23.04,22.66,23.04,22.65
22.61,22.64,22.69,22.50
22.58,22.32,22.58,22.29
22.37,22.32,22.38,22.27
22.18,22.20,22.24,22.09
22.20,22.24,22.28,22.14
22.36,22.20,22.37,22.16
22.19,22.20,22.22,22.15
22.22,22.21,22.28,22.17
22.17,22.29,22.30,22.16
22.21,22.09,22.23,22.08
22.12,22.27,22.30,22.07
22.24,22.58,22.66,22.21
22.56,22.10,22.56,22.08
22.16,22.25,22.36,22.16
22.44,22.44,22.55,22.32
22.50,22.54,22.66,22.20
22.53,22.42,22.57,22.28
22.74,22.84,22.88,22.64
22.82,22.69,23.00,22.68
22.52,22.47,22.53,22.36
22.32,22.21,22.53,22.15
22.16,22.51,22.52,22.13
22.65,22.99,22.99,22.63
22.85,22.82,23.01,22.79
22.72,22.60,22.84,22.56
22.44,22.37,22.49,22.36
22.40,22.42,22.45,22.36
22.54,22.45,22.58,22.45
22.30,22.23,22.30,22.17
22.26,22.37,22.37,22.25
22.44,22.60,22.60,22.38
22.99,22.94,23.19,22.94
22.92,22.93,23.09,22.88
23.26,23.26,23.38,23.12
23.67,23.79,23.86,23.40
23.63,24.03,24.08,23.60
23.95,23.96,24.21,23.87
23.76,23.77,24.07,23.68
23.69,24.30,24.35,23.67
24.21,23.97,24.42,23.82
24.62,24.53,24.74,24.41
24.27,24.47,24.66,24.24
24.92,24.85,25.34,24.66
24.83,24.67,24.97,24.43
24.32,24.34,24.53,24.29
24.41,24.67,24.67,24.37
24.55,24.22,24.55,24.20
24.38,24.56,24.67,24.12
24.36,24.36,24.68,24.31
24.19,23.79,24.25,23.78
23.93,23.81,24.01,23.71
24.04,24.21,24.28,24.04
24.05,23.94,24.50,23.87
23.99,23.82,24.03,23.72
23.83,24.13,24.23,23.83
24.40,24.36,24.71,24.30
24.66,24.39,24.66,24.21
24.25,24.51,24.54,24.07
24.92,24.91,25.14,24.73
24.71,24.41,24.78,24.41
24.14,24.06,24.30,24.05
23.89,23.67,23.90,23.62
23.61,23.73,23.75,23.58
23.83,23.75,23.91,23.74
23.50,23.41,23.53,23.35
23.48,23.67,23.72,23.45
23.91,23.60,24.06,23.57
23.55,23.30,23.64,23.30
23.13,23.36,23.39,23.13
23.35,23.54,23.54,23.23
23.41,23.05,23.44,23.04
23.10,22.99,23.17,22.99
23.02,22.92,23.09,22.92
22.87,22.84,22.98,22.76
22.93,22.75,22.94,22.71
22.90,22.88,22.95,22.75
22.77,22.82,22.89,22.76
22.77,22.84,23.07,22.65
22.64,22.55,22.65,22.53
22.62,22.52,22.62,22.45
22.62,22.48,22.65,22.48
22.53,22.39,22.54,22.31
22.39,22.18,22.42,22.13
22.10,22.03,22.12,22.00
22.04,22.00,22.09,21.98
22.08,22.05,22.10,21.97
22.09,22.14,22.17,22.05
22.28,22.15,22.29,22.13
22.09,22.11,22.17,22.04
22.19,21.99,22.24,21.97
21.84,21.89,21.93,21.79
21.88,21.93,21.94,21.83
22.05,21.79,22.06,21.77
21.78,21.85,21.88,21.76
21.99,22.00,22.04,21.88
22.01,21.86,22.08,21.86
22.02,22.08,22.15,21.97
21.97,22.04,22.09,21.89
21.95,22.07,22.07,21.84
22.04,21.86,22.06,21.82
21.74,21.63,21.74,21.61
21.61,21.60,21.65,21.55
21.60,21.62,21.67,21.58
21.71,21.51,21.71,21.49
21.45,21.45,21.52,21.39
21.47,21.39,21.47,21.31
21.39,21.52,21.54,21.38
21.53,21.49,21.60,21.47
21.57,21.52,21.67,21.52
21.49,21.51,21.57,21.44
21.58,21.44,21.59,21.39
21.61,21.68,21.73,21.46
21.78,21.76,21.91,21.72
21.72,21.63,21.78,21.60
21.78,21.80,21.89,21.73
21.91,21.92,21.97,21.81
21.87,21.90,21.96,21.81
22.00,21.79,22.00,21.77
21.81,21.82,21.87,21.73
21.74,21.54,21.74,21.54
21.63,21.78,21.78,21.59
21.72,21.77,21.89,21.68
21.81,22.00,22.02,21.76
22.00,21.79,22.00,21.73
21.83,22.00,22.07,21.79
22.06,21.97,22.12,21.84
22.08,22.10,22.22,22.03
22.02,22.00,22.04,21.91
22.00,22.00,22.03,21.95
21.89,21.74,21.89,21.71
21.67,21.57,21.67,21.51
21.53,21.60,21.62,21.52
21.57,21.55,21.60,21.54
21.49,21.63,21.71,21.49
21.74,21.64,21.78,21.61
21.69,21.58,21.72,21.57
21.61,21.61,21.73,21.57
21.54,21.45,21.55,21.42
21.41,21.43,21.44,21.36
21.39,21.36,21.42,21.33
21.43,21.38,21.46,21.36
21.51,21.51,21.59,21.45
21.62,21.67,21.67,21.48
21.72,21.75,21.84,21.66
21.69,21.77,21.79,21.62
21.88,21.66,21.99,21.64
21.67,21.74,21.82,21.67
21.49,21.57,21.58,21.39
21.54,21.54,21.58,21.48
21.52,21.61,21.62,21.43
21.44,21.33,21.46,21.33
22.06,22.03,22.09,21.70
22.24,22.36,22.46,22.21
22.13,22.03,22.23,22.02
21.85,21.67,21.87,21.64
21.62,21.37,21.64,21.36
21.40,21.34,21.40,21.28
21.42,21.46,21.54,21.41
21.55,21.37,21.62,21.36
21.35,21.39,21.49,21.28
21.26,21.11,21.26,21.07
21.01,21.01,21.04,20.94
20.88,20.85,20.93,20.83
20.81,20.82,20.90,20.81
20.66,20.69,20.72,20.64
20.63,20.68,20.72,20.61
20.68,20.64,20.69,20.61
20.66,20.62,20.67,20.61
20.56,20.59,20.61,20.54
20.58,20.65,20.71,20.57
20.65,20.60,20.68,20.59
20.61,20.67,20.73,20.61
20.72,20.71,20.80,20.65
20.65,20.69,20.76,20.62
20.74,20.72,20.82,20.69
20.79,20.74,20.81,20.70
20.72,20.77,20.84,20.70
20.80,20.88,20.95,20.78
20.90,20.84,20.90,20.83
20.79,20.83,20.86,20.77
20.73,20.63,20.73,20.62
20.59,20.60,20.65,20.57
20.60,20.61,20.64,20.55
20.61,20.64,20.66,20.57
20.57,20.51,20.58,20.48
20.52,20.53,20.59,20.51
20.48,20.48,20.49,20.43
20.53,20.56,20.56,20.49
20.56,20.52,20.63,20.50
20.54,20.50,20.57,20.48
20.56,20.54,20.60,20.50
20.59,20.56,20.63,20.51
20.49,20.54,20.55,20.45
20.55,20.60,20.65,20.55
20.67,20.65,20.67,20.60
20.63,20.70,20.78,20.51
20.71,20.59,20.71,20.57
20.59,20.63,20.67,20.56
20.67,20.69,20.76,20.64
20.69,20.67,20.81,20.66
20.57,20.58,20.64,20.52
20.55,20.54,20.62,20.51
20.53,20.54,20.59,20.53
20.58,20.59,20.62,20.56
20.73,21.02,21.02,20.72
21.15,20.75,21.15,20.70
20.90,21.03,21.07,20.85
21.04,21.06,21.12,20.92
21.05,20.87,21.08,20.81
20.93,20.95,21.02,20.91
20.87,20.96,21.00,20.80
20.88,20.95,20.95,20.84
20.88,20.76,20.95,20.75
20.65,20.64,20.68,20.58
20.67,20.79,20.80,20.67
20.91,20.98,20.99,20.89
21.00,20.82,21.03,20.82
20.80,20.72,20.88,20.69
20.73,20.91,20.98,20.68
20.83,20.74,20.83,20.66
20.79,20.79,20.84,20.76
20.77,20.89,20.95,20.72
20.81,20.77,20.81,20.71
20.79,20.75,20.89,20.75
20.73,20.79,20.89,20.72
20.70,20.71,20.71,20.62
20.73,20.90,20.99,20.73
20.93,20.89,20.97,20.85
21.05,20.95,21.12,20.91
20.83,20.91,20.91,20.76
20.91,20.98,20.99,20.88
20.81,20.90,20.92,20.81
20.85,20.82,20.87,20.77
20.84,20.86,20.91,20.78
20.96,20.89,21.00,20.86
20.76,20.81,20.83,20.74
20.80,20.85,20.88,20.78
20.95,20.82,20.98,20.78
20.77,20.86,20.88,20.75
20.81,20.86,20.95,20.76
20.84,20.88,20.91,20.83
20.87,21.02,21.13,20.86
21.08,21.10,21.14,21.01
21.07,21.14,21.17,21.05
21.14,21.18,21.19,21.07
20.90,20.75,20.90,20.74
20.77,20.62,20.78,20.55
20.89,20.35,20.89,20.27
20.22,20.11,20.29,20.02
20.14,20.06,20.17,20.04
19.98,20.02,20.09,19.96
20.04,19.98,20.09,19.97
20.01,20.00,20.05,19.98
20.00,19.96,20.03,19.96
19.96,20.01,20.02,19.95
19.96,19.91,19.98,19.90
19.84,19.83,19.90,19.81
19.84,19.78,19.86,19.77
19.71,19.72,19.74,19.71
19.75,19.76,19.79,19.72
19.75,19.72,19.77,19.69
19.66,19.70,19.70,19.60
19.67,19.63,19.67,19.61
19.65,19.66,19.68,19.63
19.57,19.62,19.64,19.56
19.60,19.58,19.65,19.57
19.56,19.28,19.59,19.25
19.24,19.19,19.29,19.15
19.17,19.07,19.19,19.06
19.04,19.02,19.06,18.99
18.93,18.93,18.97,18.87
18.95,19.03,19.07,18.86
19.00,18.97,19.00,18.87
18.93,18.97,18.99,18.89
18.95,18.95,18.97,18.90
18.89,18.86,18.89,18.83
18.85,18.87,18.88,18.84
18.89,18.89,18.93,18.88
18.92,18.88,18.92,18.88
18.87,18.88,18.88,18.84
18.84,18.98,18.99,18.84
18.97,18.99,19.02,18.93
18.98,19.04,19.09,18.97
18.89,18.94,19.03,18.87
18.93,18.88,18.93,18.85
18.89,18.91,18.99,18.87
18.92,18.86,18.96,18.81
18.89,18.90,18.91,18.86
18.93,18.96,18.96,18.85
18.94,18.87,18.97,18.84
18.90,18.91,19.03,18.90
18.89,18.94,18.95,18.86
