MANT,ManTech International Corporation - Class A Common Stock,NASDAQ
48.60,49.45,49.62,48.60
49.53,48.84,49.53,47.02
48.69,49.01,49.26,48.50
48.83,48.93,49.08,48.50
48.94,49.25,49.40,48.66
49.60,49.41,49.60,49.28
49.15,49.74,49.96,49.13
49.75,50.06,50.15,49.50
50.00,50.28,50.63,49.80
50.47,50.16,50.53,49.86
50.06,50.46,50.68,49.77
50.06,50.25,50.38,49.86
50.50,50.14,51.31,49.95
50.01,48.78,50.65,48.61
49.16,48.85,49.21,48.78
48.85,48.77,49.11,48.22
48.60,48.87,48.97,48.30
48.78,47.79,48.78,47.75
47.89,47.91,48.41,47.47
48.01,48.13,48.24,47.89
48.30,47.43,48.49,47.35
47.45,46.71,47.54,46.53
46.67,46.00,46.77,46.00
45.96,44.93,46.34,44.38
45.09,44.89,45.09,43.75
45.30,44.93,45.99,44.49
44.81,44.75,44.95,43.97
44.60,45.10,45.37,44.11
45.00,44.67,45.10,44.48
44.91,45.30,45.33,44.47
45.33,46.24,46.25,45.17
46.35,46.72,46.88,46.29
46.83,47.23,47.60,46.81
47.43,47.32,47.78,46.83
47.15,47.50,47.71,46.77
47.39,48.12,48.22,47.23
49.00,49.38,50.11,49.00
49.62,49.38,49.75,49.05
49.30,49.80,50.04,49.26
49.73,50.00,50.05,49.73
50.04,49.97,50.27,49.81
49.62,50.52,50.61,49.62
50.55,50.46,50.73,50.11
50.27,50.15,50.71,50.11
49.87,50.34,50.50,49.87
50.34,50.57,50.71,50.28
50.25,50.48,50.49,50.09
50.41,50.50,50.51,50.19
49.62,50.05,50.10,49.43
50.25,50.40,50.43,50.16
50.24,51.10,51.10,50.24
50.96,51.52,51.60,50.66
51.60,50.60,51.60,50.41
50.32,51.25,51.46,50.28
51.38,51.27,51.83,50.82
51.13,51.12,51.34,50.78
51.21,51.27,51.79,50.87
51.55,50.94,51.55,50.81
51.14,51.05,51.14,50.81
51.19,51.02,51.29,50.76
50.73,48.83,50.73,48.80
48.83,49.30,49.32,48.61
49.18,48.97,49.39,48.57
48.94,49.75,49.87,48.87
49.59,50.00,50.10,49.42
50.04,49.94,50.15,49.77
49.80,49.92,49.98,49.65
49.92,50.00,50.30,49.91
49.96,49.99,50.19,49.86
50.03,50.00,50.10,49.76
49.95,49.78,50.13,49.62
49.82,49.20,50.10,49.12
48.99,49.32,49.69,48.99
49.59,49.79,49.80,49.30
49.92,49.77,50.09,49.30
49.69,49.99,50.16,49.30
50.16,50.36,50.48,49.89
50.39,50.02,50.76,49.93
49.96,50.26,51.00,49.96
50.14,49.37,50.22,49.23
45.50,45.63,47.47,42.92
45.33,45.08,45.76,44.86
45.00,45.01,45.15,44.51
44.78,44.75,45.42,44.51
44.69,44.26,44.99,44.10
44.26,43.73,44.65,41.95
43.61,43.62,44.01,42.69
44.66,43.47,44.84,42.87
43.42,43.14,43.69,43.02
43.25,43.45,43.62,43.08
43.26,43.69,43.84,43.03
43.66,43.43,43.97,43.01
43.73,44.97,45.45,43.67
45.42,45.61,45.71,44.93
45.61,46.00,46.38,45.43
45.58,44.22,45.78,44.22
44.03,44.80,44.99,43.34
45.08,44.07,45.08,44.06
43.75,43.85,43.98,42.84
44.15,44.96,45.11,43.91
45.71,46.35,46.35,45.22
45.95,46.23,46.81,45.74
46.29,46.27,46.95,45.76
46.51,46.72,46.77,46.03
46.33,47.01,47.12,46.32
46.42,45.91,46.49,45.82
46.11,45.80,46.20,45.50
46.02,45.01,46.02,44.36
45.18,45.07,45.51,44.82
45.52,46.44,46.68,45.52
46.10,46.20,46.52,45.81
46.34,46.50,46.97,46.34
46.50,46.66,46.87,46.06
46.37,46.70,47.00,46.31
46.97,46.44,47.15,46.26
46.51,46.11,46.95,45.78
46.50,45.95,46.96,45.67
45.76,44.80,46.39,44.70
44.63,44.19,44.64,43.65
44.00,43.49,44.46,43.43
43.54,43.75,44.19,43.51
43.68,43.44,44.26,43.36
43.09,42.88,43.53,42.75
42.88,42.57,43.42,42.50
42.53,41.48,42.63,41.33
41.75,41.22,41.77,41.10
41.32,40.76,41.66,40.67
40.90,41.45,41.45,40.62
41.72,41.90,42.20,41.53
41.74,42.05,42.31,41.67
42.14,41.46,42.14,41.15
41.62,42.11,42.26,41.31
42.14,42.01,42.33,41.72
41.90,41.35,42.01,40.96
41.14,40.49,41.53,40.47
40.50,40.75,40.86,40.47
38.46,37.43,38.46,36.98
37.17,37.21,37.73,37.01
37.82,38.22,38.50,37.72
38.33,38.81,38.83,38.00
39.16,40.14,40.61,38.98
40.38,39.84,40.73,39.40
39.63,38.84,39.68,38.76
39.00,40.30,41.14,38.88
39.76,39.65,40.16,39.38
40.18,39.95,40.25,39.29
39.84,39.59,39.98,39.19
39.78,40.31,40.38,39.40
40.29,40.25,40.52,40.03
39.80,39.74,40.10,39.31
39.97,40.34,40.39,39.67
40.00,38.84,40.00,38.78
38.57,37.40,38.65,37.14
37.02,37.41,37.56,36.73
37.20,36.39,37.46,36.35
36.41,36.56,36.79,36.26
36.82,36.52,36.95,36.50
36.65,36.48,36.65,36.11
36.41,35.76,36.50,35.38
35.60,35.78,36.05,35.15
35.96,35.29,35.96,35.28
35.09,34.91,35.47,34.85
34.73,35.26,35.44,34.69
35.35,35.00,35.50,34.93
35.25,35.76,35.82,35.13
35.81,35.60,35.81,35.42
35.48,35.39,35.57,35.14
35.73,36.18,36.18,35.19
36.06,35.39,36.08,35.15
35.60,36.73,36.79,35.57
36.77,36.69,37.05,36.47
36.74,36.93,37.14,36.70
37.39,36.96,37.74,36.78
36.94,37.23,37.47,36.63
37.53,38.00,38.18,37.37
37.93,37.46,38.18,37.38
37.32,37.17,37.57,37.14
36.95,37.37,37.58,36.88
37.72,37.95,38.10,37.45
38.18,39.21,39.27,37.95
39.31,38.77,39.31,38.53
38.52,37.51,38.75,37.25
37.27,36.69,37.27,36.59
37.09,38.04,38.04,36.65
38.17,37.91,38.30,37.67
38.10,37.30,38.10,37.12
37.18,38.49,38.63,37.18
38.82,39.60,40.00,38.68
40.00,39.57,40.40,39.29
39.71,38.90,39.91,38.88
39.31,39.79,39.87,38.90
39.81,39.56,39.99,39.45
39.87,39.67,39.96,39.34
39.82,39.68,39.92,39.03
39.76,39.69,40.10,39.58
39.55,39.58,39.88,39.28
39.63,40.18,40.31,39.63
40.21,40.31,40.50,40.07
40.71,41.47,41.65,40.59
41.56,42.16,42.20,41.33
41.83,41.31,41.94,41.08
41.31,40.99,41.47,40.69
41.24,40.78,41.58,40.41
40.94,40.73,41.24,40.69
40.96,40.97,41.45,40.85
40.96,40.90,41.31,40.73
40.65,40.73,40.80,40.21
40.69,39.37,40.75,39.18
39.19,39.25,39.27,38.87
39.32,38.73,39.82,38.56
39.08,39.80,39.90,39.06
39.94,39.90,40.20,39.32
40.29,40.78,40.78,40.29
40.89,41.60,41.63,40.85
41.56,41.27,41.84,41.17
41.41,41.33,41.58,41.08
41.44,41.53,41.54,40.87
40.53,40.38,41.40,40.10
40.09,40.13,40.60,40.00
40.33,40.10,40.45,39.85
40.04,39.65,40.25,39.25
39.74,39.88,40.05,39.40
40.27,40.15,40.80,40.01
40.18,40.02,40.31,39.93
39.80,39.71,39.98,39.27
39.39,39.54,39.62,39.00
39.92,39.92,40.37,39.71
39.75,40.43,40.49,39.75
40.44,40.17,40.44,39.68
39.98,39.92,40.22,39.86
40.18,39.97,40.47,39.92
40.08,40.45,40.50,40.05
40.29,40.47,40.51,39.85
40.34,40.09,40.38,40.03
40.39,40.92,40.97,40.13
40.90,40.40,41.06,40.26
40.75,40.17,40.75,40.07
40.17,40.12,40.24,39.90
40.20,39.47,40.21,39.37
39.22,39.82,40.00,39.20
39.14,39.61,39.73,39.00
39.52,39.41,39.72,39.12
39.61,39.35,39.70,39.10
39.35,39.53,39.67,39.25
39.56,40.85,40.86,39.56
41.00,41.50,42.00,40.64
41.62,41.64,42.00,41.56
41.64,41.62,41.76,41.44
41.62,41.71,41.88,41.48
41.78,41.63,41.97,41.63
41.68,41.85,41.99,41.59
41.87,41.33,41.97,41.33
41.60,41.68,42.19,41.60
41.52,40.23,41.60,39.92
40.32,40.20,40.51,39.92
40.07,39.78,40.07,39.60
39.70,39.23,39.76,38.76
39.16,40.26,40.37,39.04
40.26,40.77,40.89,40.16
40.80,40.44,40.91,40.25
40.30,40.11,40.44,39.92
40.00,40.59,40.64,39.74
40.35,40.47,40.47,39.88
40.36,39.93,40.59,39.91
39.75,40.14,40.24,39.69
40.17,39.67,40.17,39.37
39.72,39.76,39.89,39.41
39.62,40.05,40.11,39.32
40.05,40.20,40.37,39.67
40.27,40.11,40.27,39.87
40.10,40.06,40.37,39.91
40.12,40.21,40.31,39.78
40.24,40.36,40.76,40.07
40.29,40.57,40.72,40.10
40.58,41.13,41.18,40.02
41.17,40.50,41.17,39.95
40.66,41.79,42.36,40.47
41.51,42.12,42.16,40.50
42.22,42.40,42.61,42.21
42.40,42.02,42.70,41.92
42.02,42.34,42.62,41.71
42.18,42.72,42.99,42.18
42.45,42.35,42.78,42.14
42.49,42.51,42.82,42.30
42.30,42.85,42.87,42.09
42.97,42.74,42.97,42.39
42.24,42.41,43.57,41.61
42.50,41.22,42.80,41.15
41.81,42.72,43.13,41.43
42.95,42.93,43.07,42.37
42.93,43.20,43.38,42.52
43.50,42.76,44.57,42.69
42.84,43.34,43.48,42.43
43.73,43.67,43.93,43.55
43.85,43.88,43.99,43.57
44.00,43.96,44.34,43.66
43.79,44.21,44.47,43.43
44.18,43.97,44.34,43.61
43.57,42.63,43.57,42.41
42.62,42.46,42.67,41.64
41.98,41.94,42.41,41.59
41.35,41.45,41.73,41.17
41.40,41.24,41.55,41.02
41.58,41.24,41.99,40.78
41.47,41.96,41.99,41.47
42.23,42.35,42.93,41.91
42.31,42.18,42.61,42.01
42.06,41.86,42.19,41.44
42.05,42.23,42.31,41.57
42.39,42.80,43.37,42.17
43.05,42.17,43.13,42.05
42.29,42.19,42.29,41.87
42.30,42.35,42.69,42.16
42.16,42.40,42.47,41.73
42.65,42.70,42.88,42.09
42.98,43.03,43.10,42.56
43.05,43.90,44.30,42.75
43.92,44.93,45.08,43.92
44.93,44.63,45.53,44.58
44.68,44.81,45.25,44.54
44.73,45.01,45.25,44.73
44.90,44.66,45.16,44.54
45.04,44.33,45.25,44.27
44.30,44.26,44.35,43.41
44.06,44.22,44.34,43.81
42.04,42.61,43.04,41.45
42.57,42.74,42.85,42.25
43.22,43.19,43.56,42.90
43.51,43.57,43.57,43.20
43.39,43.48,43.54,43.03
43.44,43.87,44.09,43.20
43.69,44.55,44.55,43.62
44.69,43.84,45.18,43.18
44.00,43.89,44.00,43.68
44.03,43.41,44.03,43.40
43.45,43.48,43.86,43.40
43.50,42.78,43.50,42.37
42.76,42.82,43.34,42.55
43.22,43.03,43.72,42.72
42.91,43.37,43.53,42.73
43.67,44.36,44.43,43.45
44.46,43.83,44.46,43.54
43.69,44.58,44.64,43.61
44.50,44.07,44.57,43.91
43.94,43.44,43.99,43.25
43.42,43.51,43.74,43.29
43.51,44.10,44.19,43.40
44.19,44.07,44.35,43.92
43.84,44.04,44.47,43.62
43.53,43.26,43.53,43.11
43.44,43.24,43.65,43.11
43.24,44.12,44.16,43.06
44.04,44.43,44.55,44.04
44.65,44.60,44.68,44.29
45.00,45.02,45.16,44.45
45.10,43.95,45.12,43.93
44.06,44.16,44.36,43.86
43.91,43.18,44.13,42.83
43.29,42.95,43.49,42.93
43.26,43.08,43.46,42.61
42.83,43.04,43.14,42.58
43.11,43.09,43.24,42.74
42.74,42.33,42.83,42.25
42.50,42.45,42.66,42.15
42.82,43.07,43.18,42.45
42.81,43.24,43.38,42.81
43.19,43.43,43.66,43.17
43.57,43.17,43.71,43.14
43.20,44.10,44.49,42.92
44.22,44.33,44.45,44.07
44.12,44.27,44.50,44.11
44.15,44.04,44.21,43.38
44.07,44.17,44.34,43.66
44.13,44.26,44.42,43.91
44.46,44.49,44.74,44.31
44.76,44.43,44.99,44.32
44.40,44.42,44.71,44.25
44.57,44.50,44.74,44.28
44.69,44.66,44.76,44.35
44.58,45.16,45.17,44.58
45.54,45.55,45.81,45.37
45.23,45.52,45.64,45.13
45.17,45.18,45.50,45.01
45.22,45.81,46.01,44.91
45.85,45.70,46.26,45.58
45.93,44.95,46.11,44.84
45.02,44.28,45.31,44.00
44.07,43.57,44.22,43.42
43.90,44.14,44.24,43.90
44.11,43.87,44.20,43.66
44.09,44.19,44.39,43.80
44.24,43.60,44.43,43.55
43.50,43.60,44.00,43.27
43.80,43.16,44.16,43.00
43.02,42.25,43.59,41.87
38.50,40.90,41.78,38.14
40.56,40.80,41.21,40.02
41.11,39.81,41.11,39.43
39.72,39.20,40.23,39.19
39.31,39.24,39.76,38.64
38.46,36.31,38.67,36.30
36.54,35.76,37.80,34.99
34.73,33.81,35.63,33.81
34.47,35.77,35.85,33.49
34.95,34.31,35.55,34.10
34.12,35.27,35.60,33.81
35.56,35.07,35.56,34.51
35.46,36.26,36.33,35.21
36.11,35.76,36.28,35.31
35.90,35.45,36.25,35.21
34.74,33.30,34.83,33.15
32.96,33.57,34.38,32.49
34.11,34.52,35.00,34.01
34.78,35.78,35.81,34.40
35.77,36.62,37.18,35.44
37.00,35.52,37.00,35.34
35.37,36.10,36.33,34.95
36.54,37.25,37.41,36.21
37.13,37.44,37.76,36.36
37.55,37.49,38.02,37.20
37.51,35.74,37.51,35.70
35.09,34.09,35.45,33.97
33.09,33.92,34.00,32.51
34.14,34.70,34.96,34.13
34.51,34.44,35.09,34.28
34.13,32.90,34.13,32.50
32.38,32.64,32.96,32.05
32.83,33.02,33.45,32.58
33.39,33.62,34.04,32.83
34.01,33.78,34.01,33.38
33.93,33.85,34.13,33.50
33.10,33.04,33.39,32.70
33.20,32.03,33.57,32.02
32.09,30.96,32.37,30.88
30.07,30.02,30.65,29.89
29.97,30.65,30.85,29.33
30.74,30.57,31.62,29.89
32.03,32.20,32.70,32.03
32.42,31.78,32.82,31.71
32.43,31.82,32.89,31.32
31.43,31.38,32.19,31.30
31.38,30.22,31.66,30.11
29.92,31.65,31.69,29.79
31.53,32.53,32.95,31.28
32.63,33.38,33.43,31.89
33.45,33.01,33.83,32.57
33.53,33.53,33.76,33.00
33.41,33.43,33.96,33.32
33.83,34.98,35.27,33.43
34.82,34.42,34.82,34.06
34.85,35.34,35.36,34.39
35.21,34.36,35.33,34.21
34.31,34.68,35.02,33.67
34.58,33.84,35.31,33.75
33.83,33.99,34.08,32.93
34.52,34.79,34.89,34.23
34.91,35.87,35.97,34.78
35.58,34.95,35.70,34.83
35.41,35.85,36.00,34.73
36.43,37.83,38.19,36.43
37.83,36.17,37.83,36.16
35.66,35.13,36.35,35.00
34.32,34.19,34.99,33.66
32.84,32.24,34.18,31.34
32.72,33.56,33.74,32.55
33.30,33.53,33.68,32.67
33.32,33.69,33.80,32.78
33.98,34.28,34.52,33.23
33.48,32.53,33.85,32.50
32.98,33.05,33.15,32.44
33.30,33.88,33.93,32.92
33.25,32.62,33.25,32.40
32.47,33.69,33.79,32.47
33.40,33.18,33.84,33.09
33.10,32.68,33.52,32.57
32.75,32.51,32.85,32.37
32.03,31.90,32.34,31.84
31.89,31.62,32.31,31.40
31.30,31.11,31.65,30.99
31.00,30.61,31.37,30.58
31.42,31.96,32.22,31.13
31.99,31.64,32.20,31.46
32.54,33.80,33.89,32.09
33.71,33.17,33.77,33.11
33.57,32.90,33.70,32.81
33.31,33.28,33.60,33.06
33.27,33.22,33.55,33.02
32.96,33.14,33.32,32.74
32.75,32.29,33.25,32.19
32.40,33.46,33.68,32.40
33.10,32.58,33.10,32.43
32.78,32.47,33.38,32.29
32.24,31.56,32.39,31.47
31.96,31.71,32.18,31.26
31.89,31.92,32.74,31.89
32.08,30.73,32.36,30.60
31.33,32.28,32.40,31.33
32.26,32.12,32.26,31.52
32.20,32.75,33.00,32.15
32.78,32.45,32.85,32.39
32.21,32.23,32.57,32.07
32.23,31.39,32.23,31.35
31.54,31.65,31.77,31.32
31.58,31.24,31.85,31.20
32.01,32.74,32.82,31.63
32.46,32.44,32.80,32.19
32.21,32.20,32.45,31.81
32.22,31.88,32.22,31.73
32.03,31.67,32.18,31.56
31.97,32.43,32.60,31.90
32.39,32.86,32.90,32.11
33.84,34.64,34.94,33.55
34.29,34.66,34.76,34.22
34.91,34.92,35.31,34.77
34.94,35.39,35.45,34.71
35.39,35.40,35.95,35.22
35.42,34.28,35.42,34.24
34.45,34.18,34.76,33.89
34.05,34.20,34.36,33.94
34.25,34.65,35.13,33.96
34.84,35.01,35.27,34.68
34.91,35.17,35.23,34.91
34.87,34.81,35.08,34.65
35.08,35.14,35.40,34.88
35.42,36.41,36.62,35.30
36.50,36.47,36.55,36.18
37.04,36.88,37.16,36.61
36.72,36.16,36.75,36.10
36.05,35.95,36.39,35.69
36.14,36.25,36.45,35.29
36.21,36.45,36.45,35.83
36.04,35.65,36.04,35.57
36.03,35.40,36.24,35.24
35.26,35.83,35.87,35.13
36.05,35.44,36.05,35.34
35.41,36.11,36.17,35.19
36.29,36.08,36.34,35.90
36.14,36.12,36.37,36.00
36.01,34.86,36.23,34.86
33.44,34.84,35.15,32.95
34.78,34.71,34.95,34.19
34.46,34.73,35.11,34.24
34.84,34.36,34.84,34.28
34.46,33.54,34.60,33.49
33.75,33.57,34.27,33.57
33.59,33.45,33.86,33.16
33.33,33.61,33.63,33.15
33.17,33.30,33.65,33.08
33.22,33.12,33.45,32.72
33.28,33.31,33.32,32.83
33.29,34.41,34.47,33.29
34.31,34.41,34.54,34.02
33.57,33.44,33.90,32.52
33.42,33.56,33.69,33.08
33.37,33.78,33.99,33.16
33.91,34.20,34.28,33.62
34.12,34.50,34.93,34.04
34.32,34.28,34.54,33.96
34.37,34.13,34.69,34.13
33.91,33.96,34.26,33.56
34.10,34.14,34.15,33.61
34.33,35.19,35.27,34.19
35.24,34.61,35.24,34.59
34.58,34.33,34.70,34.15
34.05,34.30,34.48,33.94
34.54,34.46,34.68,34.28
34.33,34.61,34.61,34.11
34.63,34.68,34.76,34.45
34.33,33.68,34.49,33.56
33.67,33.29,33.77,33.21
32.93,32.67,32.98,32.63
32.67,32.10,32.89,31.78
32.43,32.23,32.43,32.00
32.18,32.75,32.80,32.16
32.52,31.92,32.69,31.88
32.10,31.71,32.10,31.63
31.98,32.36,32.72,31.98
32.29,31.76,32.29,31.52
31.67,31.45,32.03,31.36
31.80,31.53,31.80,31.40
31.12,31.35,31.37,30.82
31.33,31.46,31.65,31.26
31.87,31.91,32.13,31.67
31.83,32.14,32.30,31.83
32.32,32.37,32.60,32.06
32.26,31.42,32.38,31.30
31.38,31.23,31.92,31.02
31.14,31.28,31.42,30.91
31.35,29.39,31.48,28.77
26.13,25.30,26.21,24.51
24.93,24.80,25.20,24.48
24.44,24.78,24.96,24.43
24.50,23.99,24.50,23.87
24.22,23.98,24.35,23.90
23.83,23.75,23.98,23.64
23.45,23.25,23.59,23.14
23.19,23.38,23.44,23.19
23.44,23.00,23.54,22.98
23.10,22.76,23.10,22.72
22.75,22.30,22.89,22.08
22.41,22.62,22.65,21.92
22.66,22.29,22.72,22.13
22.15,22.10,22.23,21.72
22.24,22.21,22.30,21.85
22.15,22.25,22.33,22.00
22.41,22.28,22.54,22.07
22.05,21.77,22.06,21.73
21.82,21.80,21.88,21.44
21.38,21.88,22.10,21.12
21.90,22.12,22.16,21.71
21.98,22.68,22.70,21.98
22.53,23.52,23.68,22.53
23.92,23.69,24.11,23.64
23.62,23.63,24.35,23.38
23.86,23.08,24.10,23.05
23.25,22.99,23.39,22.86
22.86,22.61,23.25,22.50
22.64,22.62,23.00,22.36
22.55,22.79,23.02,22.51
22.66,22.68,22.97,22.52
22.82,23.26,23.48,22.68
23.22,23.27,23.48,23.16
23.21,22.42,23.26,22.36
22.58,22.76,22.79,22.43
22.41,22.18,22.61,22.09
22.23,21.97,22.35,21.94
21.99,22.49,22.58,21.93
22.26,22.62,22.62,22.17
23.05,23.44,23.56,23.05
23.60,23.72,23.79,23.10
23.60,24.00,24.04,23.51
23.94,23.97,24.41,23.77
23.70,23.40,23.78,23.20
23.32,23.35,23.41,23.06
23.45,22.93,23.64,22.83
22.93,23.28,23.40,22.93
23.11,22.86,23.11,22.62
22.99,22.42,23.31,22.39
22.44,22.48,22.70,22.17
22.67,22.25,22.77,21.93
22.17,22.70,22.88,22.11
22.79,22.47,22.85,22.42
22.26,22.09,22.41,22.06
21.73,21.53,21.79,21.50
21.57,20.96,21.69,20.83
21.03,21.61,21.62,20.97
21.87,21.47,21.92,21.17
21.53,21.88,22.14,21.17
21.95,21.63,22.15,21.63
21.57,21.93,21.98,21.45
22.03,20.94,22.08,20.91
20.55,20.25,22.23,19.74
20.44,20.66,20.91,20.43
20.75,21.72,21.79,20.71
21.83,21.81,22.35,21.58
21.69,21.94,22.09,21.50
21.85,22.23,22.30,21.77
22.18,22.51,22.67,21.75
22.50,22.22,22.66,22.15
22.38,21.75,22.38,21.64
21.59,22.08,22.40,21.01
22.09,22.25,22.30,21.58
22.21,22.36,22.37,22.14
22.28,22.31,22.38,21.76
22.36,22.43,22.94,22.36
22.42,21.95,22.43,21.82
21.85,21.71,21.94,21.53
21.62,21.81,21.90,21.50
22.00,21.70,22.27,21.63
21.70,21.76,22.00,21.59
21.84,22.33,22.40,21.82
22.16,22.27,22.46,21.96
22.40,22.40,22.57,22.10
22.39,22.19,22.58,21.92
22.15,22.34,22.43,21.94
22.53,22.48,22.68,22.33
22.49,23.02,23.10,22.44
23.05,23.17,23.47,23.05
23.18,22.91,23.19,22.87
22.93,22.91,23.14,22.74
23.00,23.00,23.10,22.65
23.14,23.32,23.37,23.08
23.30,23.99,24.04,23.21
24.06,24.04,24.16,23.86
24.04,24.16,24.29,23.90
24.00,24.39,24.44,24.00
24.75,24.31,24.75,24.12
24.23,24.39,24.55,24.20
24.53,24.30,24.68,24.23
24.31,24.25,24.47,24.20
24.37,24.19,24.52,24.19
24.15,24.00,24.20,23.97
24.19,24.01,24.42,23.85
24.06,24.00,24.13,23.93
24.03,23.55,24.19,23.33
23.10,22.90,23.10,22.53
22.94,22.64,23.05,22.42
22.59,22.59,22.66,22.44
22.62,22.01,22.62,22.00
22.00,21.83,22.00,21.58
21.96,22.15,22.21,21.78
22.10,22.03,22.31,21.80
22.09,22.24,22.30,21.90
22.32,22.66,22.72,22.27
22.78,23.00,23.04,22.60
23.01,22.90,23.06,22.80
22.71,22.20,22.80,22.14
22.19,22.36,22.46,22.08
22.23,22.33,22.36,21.90
22.41,22.06,22.41,21.91
22.27,22.29,22.38,22.12
22.36,22.33,22.49,22.22
22.46,22.94,23.47,22.39
23.03,23.53,23.82,22.88
23.37,25.63,26.24,23.37
25.69,25.77,26.19,25.64
25.87,26.24,26.46,25.87
26.00,24.88,26.19,24.78
24.90,24.57,25.08,24.56
24.42,24.83,25.01,24.17
24.97,24.61,24.97,24.48
24.41,24.06,24.59,24.00
24.16,23.75,24.44,23.71
23.83,23.53,24.37,23.43
23.50,23.54,23.97,23.30
23.85,24.62,24.62,23.82
24.48,24.52,24.59,24.14
24.52,24.75,24.78,24.10
24.80,25.07,25.20,24.64
24.94,24.85,25.17,24.39
24.85,25.03,25.28,24.84
24.86,25.50,25.71,24.66
25.70,25.50,25.85,25.35
25.55,24.98,25.61,24.94
25.19,24.53,25.25,24.39
24.70,24.63,25.00,24.47
24.59,24.71,25.00,24.39
24.67,24.91,25.12,24.40
25.06,24.85,25.19,24.61
24.81,24.84,25.05,24.68
25.06,25.03,25.43,24.78
25.16,24.85,25.34,24.76
24.89,24.99,25.17,24.64
24.86,25.26,25.38,24.66
25.34,26.21,26.21,25.26
26.21,26.31,26.35,26.02
26.29,26.20,26.33,25.97
26.19,26.82,26.87,25.97
26.50,26.41,26.65,25.92
26.50,26.41,26.72,25.81
26.42,26.42,26.71,26.16
26.52,26.07,26.52,25.74
25.91,25.51,26.01,25.43
25.62,25.94,25.98,25.41
26.54,27.26,27.54,26.54
27.31,26.95,27.44,26.86
27.11,27.02,27.31,27.00
27.22,26.66,27.30,26.51
26.72,26.53,26.89,26.28
26.68,26.74,26.92,26.47
26.91,26.09,26.91,26.07
26.17,26.02,26.51,25.90
25.99,25.78,26.19,25.55
25.66,26.30,26.33,25.60
26.16,25.79,26.16,25.76
26.03,26.26,26.36,25.75
26.26,26.12,26.26,25.91
26.14,26.28,26.38,25.79
26.39,25.99,26.39,25.96
26.05,26.52,26.53,25.95
26.61,26.14,26.65,25.94
26.13,26.36,26.56,26.13
26.38,25.96,26.51,25.65
26.15,25.76,26.15,25.58
24.80,24.67,25.17,24.11
24.76,25.18,25.28,24.50
25.08,24.50,25.18,24.42
24.69,24.66,24.77,24.39
24.56,24.73,24.85,24.40
24.79,24.61,24.79,24.36
24.71,25.16,25.57,24.71
25.11,24.99,25.22,24.95
25.09,25.41,25.62,24.98
25.53,25.80,25.87,25.45
25.77,25.96,26.18,25.71
26.12,26.02,26.20,25.91
26.12,26.60,26.64,26.05
26.65,25.93,26.94,25.92
25.11,25.18,25.90,23.20
25.23,25.49,25.71,24.90
25.71,25.10,25.79,25.08
25.19,25.05,25.25,24.81
24.99,25.15,25.59,24.99
25.09,24.81,25.11,24.81
24.58,24.42,24.75,24.03
24.42,24.46,24.64,24.35
24.59,24.44,24.77,24.21
24.21,24.67,24.70,24.12
24.63,24.93,24.93,24.48
24.83,25.08,25.18,24.64
24.89,24.82,24.90,24.56
24.71,25.34,25.44,24.54
25.41,26.50,26.65,25.10
26.63,26.66,26.69,26.23
26.61,26.96,27.18,26.61
26.65,26.68,27.05,26.62
26.80,26.53,26.80,26.30
26.66,26.59,26.75,26.40
26.39,26.38,26.56,26.23
26.45,26.30,26.45,26.14
26.47,26.41,26.60,26.14
26.59,26.00,26.59,25.92
25.76,26.15,26.21,25.70
26.14,26.87,26.99,26.10
26.78,26.75,26.88,26.21
26.82,26.49,27.16,26.42
26.51,25.86,26.63,25.85
26.07,26.36,26.42,25.90
26.00,25.65,26.21,25.40
25.74,25.96,25.98,25.25
26.02,25.68,26.09,25.58
25.84,26.65,26.88,25.84
26.55,26.70,26.77,26.40
26.72,26.25,26.77,26.12
26.03,25.05,26.16,25.00
25.19,25.22,25.32,24.65
24.97,25.12,25.32,24.46
25.24,24.36,25.50,24.21
24.44,24.52,24.67,24.23
24.52,24.25,24.67,23.89
24.36,24.50,24.59,24.18
24.42,25.36,25.39,24.42
25.56,25.88,25.96,25.26
25.85,25.65,26.09,25.47
25.81,26.18,26.30,25.49
26.10,26.69,26.70,26.06
26.67,26.01,26.77,25.78
25.99,25.90,26.58,25.47
26.24,28.11,28.25,26.24
28.16,27.52,28.16,27.51
27.62,27.73,27.98,27.44
27.58,27.73,27.82,27.45
27.61,27.65,27.97,27.61
27.75,28.00,28.19,27.68
27.84,27.53,27.95,27.50
27.56,27.95,27.97,27.54
27.87,27.82,28.03,27.76
27.68,27.76,27.95,27.54
27.83,27.85,27.95,27.72
27.84,27.80,27.99,27.42
27.83,27.82,27.90,27.70
27.90,27.32,27.95,27.16
27.20,27.52,27.67,27.00
27.27,27.49,27.60,27.08
27.95,27.35,27.95,27.17
27.09,27.31,27.55,27.09
27.38,27.34,27.46,27.12
27.07,27.09,27.37,27.07
27.04,27.00,27.35,26.94
27.11,27.10,27.49,26.99
26.90,26.66,27.08,26.55
26.60,27.31,27.35,26.40
27.45,27.76,27.92,27.31
27.79,27.89,28.01,27.61
27.62,27.41,27.83,27.30
27.67,26.90,27.67,26.86
26.83,26.90,27.13,26.68
26.92,26.61,27.10,26.59
26.95,26.44,27.06,26.42
26.50,26.51,26.71,26.13
26.54,26.24,26.67,26.24
25.92,25.66,26.23,25.25
25.76,25.80,26.01,25.64
25.46,24.93,25.96,24.92
25.12,25.14,25.19,24.81
25.33,24.93,25.33,24.70
25.02,25.65,25.65,25.02
25.50,26.12,26.33,25.50
26.15,26.52,26.80,26.15
26.46,25.75,26.69,25.68
25.53,26.26,26.32,25.53
26.71,26.55,26.71,26.27
26.73,26.30,26.91,26.16
26.41,26.27,26.51,26.22
26.21,26.55,26.62,26.19
26.95,27.16,27.19,26.84
27.08,26.72,27.10,26.61
26.76,26.55,26.80,26.53
26.55,26.57,26.75,26.43
26.83,26.97,27.08,26.61
27.20,27.47,27.48,26.91
27.33,27.81,27.84,27.33
27.71,28.21,28.33,27.65
28.44,28.49,28.64,27.92
28.71,28.58,28.76,28.50
28.46,29.10,29.12,28.45
28.82,28.99,29.05,28.78
28.94,28.88,29.02,28.67
29.13,29.01,29.27,28.96
29.27,29.54,29.87,29.04
29.28,29.20,30.21,29.03
29.04,28.72,29.04,28.65
28.63,28.28,28.67,28.13
28.16,28.35,28.45,27.84
28.35,28.42,28.63,28.26
28.65,28.55,28.79,28.44
28.40,28.60,28.73,28.16
28.55,28.86,28.90,28.55
28.92,28.55,28.92,28.49
28.58,28.59,28.75,28.41
28.27,27.94,28.38,27.90
27.79,28.04,28.19,27.67
28.09,27.93,28.23,27.85
27.97,28.64,28.65,27.97
28.46,28.05,28.68,27.88
28.08,28.37,28.43,28.08
28.53,28.65,28.81,28.07
28.76,28.78,28.94,28.54
28.59,28.41,28.76,27.93
28.47,28.57,28.82,28.37
28.54,28.99,29.17,28.40
28.96,28.45,29.51,28.25
28.73,27.66,29.20,27.50
27.52,27.96,28.05,27.51
28.01,27.84,28.05,27.79
28.01,27.60,28.07,27.23
27.72,27.85,27.93,27.70
28.03,28.50,28.88,27.76
28.40,28.52,28.64,28.21
28.55,28.53,28.66,28.24
28.66,28.14,29.01,28.12
28.54,27.90,28.59,27.87
27.90,28.58,28.62,27.85
28.56,28.96,29.01,28.22
29.08,28.74,29.14,28.36
28.76,28.57,28.92,28.37
28.56,28.75,28.93,28.28
28.74,28.47,28.93,28.39
28.47,28.81,28.97,28.38
28.90,29.04,29.05,28.67
28.84,28.80,29.14,28.75
28.58,28.76,28.90,28.36
28.77,28.84,28.97,28.68
28.67,28.66,28.93,28.30
28.66,28.32,28.66,28.05
28.29,28.21,28.54,28.05
28.02,27.96,28.02,27.82
27.93,27.58,28.12,27.41
27.61,27.74,27.97,27.60
27.99,28.62,28.62,27.99
28.46,29.02,29.03,28.35
28.93,29.05,29.13,28.69
29.00,28.74,29.12,28.72
28.95,28.65,29.14,28.45
28.60,28.60,28.85,28.32
28.80,29.00,29.06,28.80
29.08,28.97,29.08,28.71
29.15,29.01,29.15,28.52
28.79,28.91,29.07,28.60
28.90,28.96,29.07,28.86
29.06,28.92,29.12,28.82
28.97,29.04,29.20,28.77
29.09,29.03,29.10,28.77
29.16,28.62,29.16,28.53
27.68,27.94,28.21,27.06
27.83,27.77,27.94,27.18
27.76,27.89,27.93,27.41
27.72,27.81,27.95,27.67
27.93,27.90,28.19,27.56
27.90,27.63,28.25,27.62
27.52,28.13,28.29,27.50
28.04,28.19,28.37,27.87
28.04,28.26,28.46,28.03
28.19,28.61,28.69,28.19
28.63,28.66,28.72,28.43
28.61,28.70,28.72,28.25
28.75,28.44,28.98,28.38
28.40,28.29,28.66,28.11
28.39,28.49,28.90,28.39
28.63,28.91,28.97,28.63
28.95,28.72,29.02,28.63
28.69,28.66,28.93,28.41
28.77,28.82,28.92,28.54
28.78,28.88,29.05,28.38
29.05,28.77,29.05,28.68
28.75,28.67,28.91,28.44
28.55,28.19,28.94,28.05
27.85,27.85,28.15,27.67
27.85,27.77,28.11,27.60
28.10,27.94,28.39,27.90
27.94,27.97,28.22,27.55
27.84,28.06,28.19,27.84
28.16,28.10,28.40,28.00
28.12,28.28,28.40,28.02
28.29,28.48,28.70,28.29
28.52,28.56,28.70,28.40
28.61,28.45,28.61,28.37
28.56,28.84,28.89,28.38
28.71,28.70,28.81,28.64
28.65,29.05,29.20,28.56
29.18,29.19,29.27,29.00
29.22,29.26,29.46,29.15
29.41,29.81,29.91,29.41
29.99,29.93,30.00,29.77
29.98,29.76,29.98,29.69
29.83,29.93,30.45,29.59
29.93,29.49,29.93,29.08
29.51,29.93,30.20,29.51
30.21,29.78,30.21,29.63
29.86,29.79,30.36,29.60
29.71,29.80,30.11,29.56
29.98,29.71,30.15,29.66
29.75,29.80,29.81,29.44
29.62,29.62,29.81,29.41
29.65,29.99,30.47,29.65
29.99,30.02,30.36,29.98
30.05,30.29,30.30,29.78
30.16,30.28,30.34,30.13
30.50,30.51,30.52,30.21
30.51,31.00,31.02,30.46
30.83,31.01,31.10,30.63
30.80,30.38,30.84,30.33
30.31,29.93,30.55,29.80
30.02,30.04,30.11,29.66
29.83,29.46,30.34,29.33
29.63,29.31,29.63,29.27
28.86,29.10,29.45,28.70
29.10,27.62,29.10,27.51
27.70,28.14,28.17,27.47
27.96,27.64,27.96,27.43
27.64,28.07,28.17,27.64
28.20,28.43,28.52,28.03
28.32,28.09,28.32,27.90
28.17,28.35,28.67,27.95
28.29,28.11,28.57,28.03
27.88,28.61,28.69,27.71
28.48,28.53,28.83,28.22
28.65,29.35,29.46,28.61
29.39,28.63,29.73,28.53
28.74,27.98,28.98,27.93
27.98,27.81,28.03,27.45
27.86,28.11,28.34,27.67
28.98,28.82,29.54,28.29
28.75,28.77,29.20,28.47
28.69,29.20,29.32,28.56
29.24,29.27,29.48,29.00
29.07,29.42,29.65,28.96
29.62,30.05,30.30,29.24
29.84,29.69,30.04,29.58
29.68,29.63,29.79,29.49
29.85,29.88,29.98,29.44
29.81,29.81,29.91,29.57
29.90,29.51,29.91,29.39
29.64,29.58,29.66,29.35
29.63,29.23,29.63,29.03
29.07,29.15,29.41,28.87
29.25,29.18,29.56,29.01
29.31,30.16,30.24,29.31
30.19,29.83,30.19,29.77
29.85,30.10,30.33,29.85
30.10,30.03,30.50,29.96
30.00,29.74,30.53,29.47
29.81,29.99,30.00,29.61
30.20,29.84,30.20,29.68
29.90,29.27,29.96,29.24
29.37,29.09,29.57,28.88
29.28,29.41,29.46,29.10
29.44,30.15,30.19,29.29
30.11,30.45,30.56,30.06
29.87,28.54,29.89,28.41
28.74,28.01,28.74,27.96
27.99,28.55,28.62,27.78
28.50,28.56,29.06,28.35
28.73,29.54,29.64,28.65
29.43,28.81,29.61,28.67
28.59,28.67,29.47,28.56
28.81,28.91,29.32,28.55
29.01,29.35,29.44,28.59
29.47,29.49,29.65,29.17
29.42,29.65,29.92,29.30
29.68,29.67,29.85,29.41
29.70,29.82,30.00,29.62
29.72,29.57,29.95,29.56
29.79,29.48,29.79,29.38
29.38,29.27,29.54,29.18
29.38,29.09,29.61,28.70
29.23,29.43,29.49,29.20
29.26,29.83,29.94,29.00
29.46,29.66,30.01,28.23
29.70,29.92,30.17,29.70
29.70,30.02,30.24,29.51
29.97,29.76,30.18,29.63
29.82,30.41,30.43,29.50
30.40,30.61,31.03,29.93
30.52,30.80,30.82,30.28
30.81,31.00,31.32,30.81
31.01,30.73,31.20,30.69
30.62,30.01,30.62,30.00
29.81,29.77,29.94,29.56
29.89,29.85,30.20,29.51
29.87,29.98,30.78,29.63
29.83,29.21,29.83,28.87
29.28,29.02,29.28,28.86
29.10,29.41,29.62,28.94
29.47,29.82,29.87,29.36
29.96,30.06,30.25,29.32
29.94,29.80,30.07,29.70
29.93,29.57,30.27,29.48
29.63,29.49,29.63,29.23
29.48,29.44,29.55,29.08
29.26,29.07,29.54,28.91
28.80,28.80,28.94,28.47
28.81,29.10,29.13,28.50
29.26,29.31,29.46,28.84
29.28,29.60,29.79,28.93
29.54,29.42,29.61,29.20
29.37,29.23,29.68,29.16
29.12,29.14,29.17,28.77
29.30,29.37,29.38,28.95
29.48,29.41,29.65,29.35
29.32,29.20,29.61,29.13
29.16,29.49,29.51,29.00
29.66,29.78,29.83,29.32
29.78,29.32,29.78,29.21
29.31,29.23,29.32,29.05
29.12,29.15,29.58,29.03
28.99,29.24,29.28,28.74
29.32,29.09,29.32,29.00
28.86,29.37,29.45,28.86
29.32,29.52,29.66,29.03
29.60,29.76,30.10,29.60
29.70,29.41,29.88,29.31
29.43,29.63,29.63,29.36
29.51,29.44,29.56,29.29
29.31,29.22,29.39,28.98
29.26,29.26,29.42,29.07
28.74,28.78,29.02,28.24
28.70,28.85,28.92,28.27
29.04,29.26,29.38,28.97
29.37,28.20,29.60,27.82
28.29,28.40,28.61,28.16
28.28,28.35,28.51,28.24
28.30,29.03,29.07,28.30
28.91,28.93,29.04,28.65
29.06,29.27,29.43,29.06
29.32,29.59,29.87,29.28
29.72,29.53,29.87,29.43
29.27,29.09,29.43,29.01
29.07,29.14,29.28,28.77
29.15,29.25,29.36,29.01
29.44,29.42,29.44,29.14
28.75,27.00,28.91,26.64
26.99,27.03,27.07,26.36
27.07,26.98,27.14,26.57
26.92,27.49,27.51,26.86
27.23,27.90,27.96,27.09
27.94,27.82,28.04,27.70
27.85,27.95,29.09,27.75
28.09,28.21,28.39,27.20
28.14,28.12,28.38,28.05
28.23,28.03,28.23,27.85
27.98,28.24,28.31,27.97
28.47,28.04,28.47,27.68
28.29,28.59,28.59,28.06
28.59,28.66,28.70,28.41
28.53,28.53,28.60,28.29
28.49,28.69,28.72,28.30
28.66,28.60,28.73,28.41
28.83,28.49,28.93,28.23
28.42,28.95,29.23,28.38
28.92,28.95,29.14,28.83
28.77,28.70,28.83,28.55
28.70,28.98,29.05,28.63
29.21,29.62,29.70,28.88
29.41,29.18,29.65,29.12
29.22,29.39,29.56,29.22
29.23,29.31,29.37,29.22
29.32,29.32,29.35,29.18
29.32,29.07,29.32,28.95
29.07,29.40,29.42,29.07
29.33,29.22,29.35,29.02
29.13,29.12,29.18,28.88
29.04,28.96,29.15,28.86
28.85,28.88,28.99,28.72
28.84,28.95,29.06,28.70
29.07,29.26,29.29,28.98
29.27,29.02,29.46,28.93
28.91,28.35,28.91,28.06
28.21,28.01,28.32,27.99
27.95,27.94,28.08,27.79
27.97,27.70,28.07,27.67
27.70,27.65,27.73,27.55
27.33,27.57,27.79,26.74
27.62,26.95,27.88,26.94
26.88,26.91,27.02,26.71
26.82,27.16,27.25,26.75
27.45,27.21,27.63,27.09
27.22,27.21,27.76,26.96
27.12,26.75,27.20,26.75
26.78,28.13,28.19,26.54
28.04,27.17,28.05,27.13
27.03,26.72,27.32,26.68
26.68,26.58,27.03,26.53
26.68,26.65,26.97,26.44
26.11,26.93,27.07,26.09
26.59,27.17,27.39,26.59
27.57,27.04,27.57,26.98
26.85,27.15,27.17,26.85
27.36,27.47,27.63,27.01
27.43,27.09,27.67,27.04
27.27,27.61,27.75,27.23
27.67,27.57,27.67,27.10
27.49,27.72,27.77,27.40
27.94,28.39,28.44,27.66
28.32,28.29,28.65,28.06
28.18,28.09,28.84,27.62
28.64,28.16,28.64,27.94
28.09,29.07,29.39,28.09
28.89,28.76,29.10,28.72
28.86,29.71,29.74,28.83
29.54,29.59,29.90,29.41
29.69,29.46,29.76,29.37
29.42,29.69,29.74,28.92
29.61,29.49,29.90,29.34
29.29,29.78,29.93,29.21
29.75,30.32,30.45,29.68
30.16,30.17,30.30,29.93
30.21,29.73,30.22,29.63
29.77,29.44,29.85,29.38
29.34,29.20,29.54,28.97
29.16,29.46,29.75,29.16
29.89,29.47,29.97,29.35
29.50,29.42,29.63,29.23
29.80,30.27,30.39,29.70
30.17,30.15,30.54,30.01
30.07,30.12,30.56,29.99
30.00,29.53,30.06,29.40
29.57,30.16,30.30,29.57
30.09,30.25,30.41,29.68
30.31,30.27,30.40,30.00
30.24,30.48,30.63,30.23
30.45,29.88,30.70,29.84
29.48,30.44,30.55,29.48
30.40,29.39,30.40,29.25
29.47,29.39,30.07,29.27
29.02,28.89,29.20,28.66
29.06,28.62,29.17,28.53
28.62,28.86,29.45,28.33
28.86,29.78,29.84,28.70
30.11,29.70,30.14,29.62
29.62,29.65,30.10,29.06
29.60,30.32,30.32,29.53
30.34,30.70,31.06,29.98
30.64,30.52,30.86,30.38
30.64,30.56,30.77,30.47
30.58,30.27,30.72,30.16
30.28,30.35,30.60,30.27
30.33,30.23,30.70,30.16
30.33,30.00,30.53,29.71
29.76,30.02,30.27,29.51
30.04,29.68,30.24,29.52
30.69,30.83,31.09,30.20
31.13,31.09,31.49,30.88
31.08,30.75,31.23,30.68
30.73,30.67,31.07,30.28
30.90,31.32,31.78,30.89
30.87,31.48,31.68,30.87
31.58,30.64,31.58,30.18
30.49,31.52,31.53,30.49
31.38,31.58,31.67,30.68
31.40,31.43,31.65,31.13
31.49,31.57,31.67,31.32
31.70,31.90,32.07,31.58
31.83,31.87,31.91,31.50
31.38,31.52,31.78,31.38
32.30,31.80,32.46,31.65
31.80,32.29,32.34,31.49
32.06,32.53,32.96,32.00
32.61,32.50,32.83,31.81
32.44,33.56,33.66,32.44
33.54,33.58,33.82,33.34
33.72,34.00,34.12,33.48
34.00,34.07,34.46,33.93
34.15,34.03,34.45,33.70
34.38,34.21,34.38,33.97
33.59,34.21,34.38,33.59
34.56,34.68,35.06,34.51
34.80,34.72,34.88,34.46
34.90,34.84,35.23,34.77
34.84,35.07,35.13,34.54
34.79,33.67,34.81,33.48
33.73,33.59,33.87,33.32
33.56,33.53,33.60,33.17
33.56,33.27,33.76,33.24
33.29,33.02,33.58,32.91
32.94,32.85,33.20,32.75
32.87,33.10,33.22,32.79
33.04,33.38,33.48,33.04
33.23,33.25,33.32,32.99
33.01,33.00,33.01,32.67
33.01,32.86,33.19,32.58
32.80,32.61,32.87,32.59
32.56,32.87,33.25,32.41
32.53,32.55,33.14,32.49
32.52,32.34,32.53,31.97
32.52,32.77,33.05,32.29
32.69,32.53,32.69,32.06
32.75,32.67,32.90,32.53
32.49,32.45,32.60,32.32
32.53,33.07,33.18,32.25
33.00,33.13,33.25,32.75
33.40,34.54,34.68,33.19
34.33,34.81,34.87,33.89
34.76,34.75,35.04,34.63
34.84,33.20,34.84,33.19
33.16,33.21,33.33,32.91
33.10,34.09,34.16,33.10
34.24,34.01,34.59,33.91
33.75,33.94,34.13,33.75
33.71,33.76,33.81,33.27
33.83,33.57,34.17,33.54
33.25,33.77,33.89,33.25
33.62,33.83,34.24,33.47
33.92,33.86,34.18,33.70
33.86,33.36,34.01,33.00
33.46,33.36,33.46,33.03
33.18,33.20,33.34,33.15
33.00,33.18,33.52,32.98
33.18,33.08,33.25,32.91
33.09,32.96,33.10,32.95
32.73,32.31,32.75,32.20
32.52,32.60,32.83,32.16
32.53,32.63,32.84,32.53
32.53,32.59,32.75,32.44
32.54,32.55,32.69,32.44
32.55,32.30,32.59,32.20
32.25,32.02,32.51,31.92
32.61,32.20,32.76,31.88
32.15,31.83,32.23,31.75
28.97,29.23,30.42,28.46
29.23,29.00,29.23,28.76
28.56,28.92,29.41,28.56
28.86,28.74,29.20,28.58
28.50,28.88,28.89,28.50
28.79,28.98,29.11,28.79
29.33,28.98,29.40,28.67
28.89,28.83,29.17,28.80
28.77,28.64,28.78,28.48
28.73,28.68,28.86,28.40
28.88,28.95,30.07,28.58
28.99,29.08,29.10,28.75
28.94,29.14,29.23,28.80
29.14,29.25,29.42,28.83
29.27,29.07,29.33,28.99
29.02,28.96,29.27,28.94
28.85,28.61,28.92,28.50
28.37,27.97,28.56,27.81
27.88,28.27,28.42,27.67
28.30,28.97,29.10,28.30
28.92,28.48,29.25,28.06
28.61,28.73,29.05,28.30
28.55,28.77,28.95,28.33
28.66,29.04,29.09,28.58
28.78,28.40,29.06,28.31
28.31,28.63,28.67,27.96
28.55,28.16,28.76,27.97
28.20,28.14,28.33,27.89
28.35,28.66,28.81,28.20
28.73,28.68,28.76,28.43
28.55,28.60,28.72,28.35
28.33,28.44,28.57,28.13
28.48,29.56,29.79,28.48
29.62,29.51,29.68,29.26
29.66,29.96,30.15,29.62
30.04,30.16,30.44,30.01
30.39,29.88,30.39,29.57
29.93,30.09,30.29,29.87
30.04,29.77,30.22,29.38
29.83,29.59,29.88,29.21
29.65,29.59,29.86,29.27
29.40,29.25,29.53,29.10
29.43,29.00,29.45,28.75
29.21,29.29,29.48,28.80
29.26,29.07,29.26,28.80
28.89,29.09,29.13,28.60
29.04,28.95,29.10,28.36
28.74,29.21,29.29,26.60
29.58,29.37,30.24,29.21
29.69,29.96,30.03,29.29
30.08,29.92,30.16,29.54
29.83,29.83,30.07,29.50
29.89,30.27,30.52,29.48
30.51,30.54,30.91,30.35
30.65,30.42,30.65,30.11
30.40,30.06,30.40,29.90
30.06,29.87,30.14,29.58
29.70,29.81,29.91,29.50
29.95,29.83,30.08,29.52
29.70,29.80,30.01,29.41
29.69,29.32,29.69,29.03
29.28,29.61,29.68,28.89
29.60,30.01,30.11,29.25
29.77,29.55,29.77,28.11
29.54,29.81,30.02,29.10
29.74,29.90,30.01,29.39
29.70,29.30,29.84,28.87
29.34,29.50,29.65,29.26
29.63,29.21,29.63,28.93
29.01,29.48,29.49,28.99
29.69,29.57,29.96,29.47
29.37,29.34,29.55,29.06
29.15,28.99,29.23,28.65
28.96,28.66,28.98,28.44
28.53,28.72,28.77,28.46
28.69,28.63,28.85,28.39
28.64,28.34,28.64,28.21
28.23,28.23,28.51,27.65
28.05,27.86,28.10,27.70
27.54,27.86,28.01,27.30
26.79,26.65,27.07,26.59
27.39,26.59,27.39,26.57
27.11,27.26,27.70,26.57
27.45,27.15,27.59,26.76
27.06,27.46,27.67,27.05
27.32,27.39,27.52,27.18
26.98,26.32,27.12,26.21
26.39,26.25,26.77,26.00
26.20,26.56,26.66,26.19
26.24,26.06,26.40,25.84
26.43,26.44,26.90,26.12
26.61,26.40,26.78,26.34
26.47,26.39,26.76,26.28
26.21,26.50,26.61,26.09
26.49,26.31,26.68,26.25
26.34,26.64,26.79,26.31
26.71,27.04,27.13,26.65
26.96,27.35,27.66,26.78
26.95,26.84,27.19,26.64
26.93,26.91,27.34,26.60
26.60,26.15,26.74,25.97
26.21,25.86,26.29,25.64
25.63,26.03,26.18,25.45
26.11,25.90,26.21,25.58
25.78,25.54,25.81,25.31
25.55,25.32,25.65,25.20
25.54,25.70,25.78,25.31
25.69,25.55,25.78,25.24
25.38,25.50,25.61,24.90
25.60,26.12,26.12,25.52
26.12,26.40,26.51,25.49
26.67,27.36,27.41,26.23
27.30,28.08,28.19,27.07
28.16,27.88,28.20,27.13
27.88,27.82,28.10,27.69
27.75,27.44,27.96,27.41
27.47,27.04,27.66,26.79
27.10,27.48,27.53,26.83
27.53,27.25,27.53,26.97
27.16,27.15,27.41,27.05
27.14,27.09,27.14,26.89
27.05,26.86,27.35,26.78
27.05,27.42,27.55,26.93
27.53,27.68,27.81,27.33
27.57,27.44,27.89,27.41
27.42,27.05,27.57,27.00
27.22,28.10,28.18,27.14
28.23,29.09,29.45,25.54
28.96,28.90,29.45,28.87
28.98,29.43,29.53,28.98
29.40,29.83,30.06,28.77
29.91,29.57,29.91,29.39
29.52,29.73,29.92,29.12
29.69,30.01,30.09,29.20
29.88,29.69,29.89,29.51
29.55,29.97,30.06,28.95
29.98,29.65,29.98,29.58
29.41,29.33,29.63,29.15
29.14,29.69,29.80,29.11
29.78,30.35,30.61,29.68
30.44,30.64,30.92,30.21
30.71,31.18,31.25,30.53
31.20,31.04,31.39,30.86
31.11,31.52,32.22,31.11
31.81,31.69,32.48,30.65
31.70,32.32,32.36,31.36
32.25,32.46,32.53,31.67
32.51,33.24,34.07,32.49
33.22,33.49,33.69,32.82
33.56,33.60,33.93,33.28
33.48,33.01,33.48,32.86
33.00,32.39,33.29,32.20
32.40,32.80,32.88,32.35
32.72,32.59,32.72,32.11
32.27,32.13,32.54,31.89
31.94,31.67,32.31,31.63
31.69,31.84,32.10,31.48
31.37,31.09,31.63,30.89
31.06,31.06,31.27,30.83
31.26,30.85,31.52,30.67
30.94,31.36,31.45,30.73
31.44,31.00,31.61,30.98
31.05,30.39,31.51,30.22
30.55,30.44,30.79,30.19
30.56,30.71,30.85,30.37
30.92,30.95,31.08,30.82
30.93,30.76,31.09,30.75
30.69,30.57,30.73,30.28
30.75,30.83,31.01,30.53
30.80,30.80,30.98,30.57
30.73,30.24,31.17,30.18
29.64,29.16,29.68,28.97
29.32,29.23,29.75,28.97
29.03,29.06,29.58,28.98
28.67,28.68,29.08,28.47
28.72,28.13,28.85,28.05
28.24,28.43,28.58,28.13
28.69,28.57,28.76,28.11
28.81,28.94,29.54,28.50
29.18,29.64,32.31,28.90
28.90,29.47,29.58,28.67
29.78,29.10,29.78,28.59
28.13,28.23,28.41,27.18
28.23,27.62,28.37,27.54
27.91,28.29,28.47,27.22
28.21,27.77,30.73,27.56
27.85,27.81,28.03,27.45
27.78,27.67,27.97,27.29
27.90,27.82,28.05,27.35
27.98,28.83,29.15,27.98
28.59,28.03,28.59,27.94
27.63,27.48,27.81,27.09
27.61,27.84,28.04,27.24
27.94,28.15,28.55,27.77
28.13,27.50,28.17,27.38
27.23,27.78,28.20,26.73
27.41,27.32,27.82,27.15
27.54,26.90,27.94,26.58
26.42,26.58,26.86,26.11
27.10,26.67,27.10,26.36
26.94,27.20,27.26,26.70
27.29,27.04,27.42,26.67
27.10,27.44,29.14,25.80
27.43,28.22,29.90,25.76
28.59,28.80,30.23,28.59
28.90,28.79,29.47,28.53
28.46,28.99,29.04,26.95
29.02,29.13,29.67,28.59
29.24,28.87,29.50,28.79
28.88,29.13,29.44,28.02
29.34,29.36,29.43,28.88
28.96,29.05,29.19,28.77
29.03,29.22,29.38,28.73
29.22,30.23,30.40,29.20
30.10,30.58,30.76,30.00
30.51,30.44,30.75,30.14
30.60,31.10,31.20,30.42
31.33,30.00,31.33,29.68
30.20,30.08,30.31,29.79
30.07,29.82,30.07,29.70
29.58,29.86,29.99,29.43
29.83,30.88,30.97,29.82
30.77,31.51,32.00,30.67
31.69,31.80,31.99,31.31
31.79,32.94,33.10,31.71
32.78,31.67,32.85,31.57
31.68,30.92,31.79,30.70
30.75,31.13,31.13,30.63
31.30,31.22,31.47,30.92
31.08,32.22,32.36,30.49
32.46,32.30,32.53,32.19
32.30,31.99,32.48,31.93
31.71,32.02,32.10,31.64
31.87,31.83,32.17,31.71
31.71,31.53,32.11,31.53
31.55,31.51,31.60,31.24
31.34,31.14,31.79,30.92
31.42,31.15,32.05,30.95
31.36,31.17,31.81,31.17
31.27,31.05,31.47,30.92
31.16,31.77,31.89,31.08
31.72,31.56,31.79,31.50
31.46,31.38,31.61,30.80
31.28,32.06,32.20,31.28
32.18,32.40,32.60,31.96
32.37,32.00,32.42,31.98
31.98,31.96,32.43,31.80
31.90,32.17,32.65,31.83
31.99,32.47,32.50,31.62
32.61,32.98,33.27,32.50
32.91,32.78,33.06,32.26
35.39,36.27,39.15,34.95
36.17,33.80,36.17,33.77
33.60,34.80,34.96,33.37
34.26,34.32,35.17,33.60
34.29,33.72,34.65,33.44
33.95,33.84,34.17,33.61
33.84,34.53,34.53,33.56
34.59,34.23,35.23,34.13
34.08,34.77,34.84,33.87
34.57,34.33,34.59,34.28
34.53,34.48,34.71,34.09
34.49,34.38,34.68,34.14
34.30,35.13,35.49,33.66
35.06,33.96,35.06,33.69
33.96,34.19,34.63,33.86
33.98,33.70,34.35,33.18
33.92,34.20,34.23,33.68
33.96,34.00,34.39,32.73
33.94,34.95,34.98,33.94
34.89,35.23,35.27,34.69
35.30,35.41,35.74,35.20
35.28,35.81,35.81,35.28
35.74,35.93,35.94,35.36
35.72,35.81,35.98,35.53
35.86,35.77,35.93,35.49
35.73,35.79,36.05,35.51
35.79,35.88,36.00,35.70
35.96,35.92,36.04,35.69
35.66,35.64,35.78,35.28
35.36,35.60,35.88,35.12
35.47,36.18,36.37,35.19
36.22,35.96,36.38,35.88
35.86,35.72,35.92,35.02
35.95,35.83,36.09,35.66
35.73,35.82,35.86,35.17
35.88,35.27,36.10,35.09
35.56,36.34,36.35,35.56
36.41,36.48,36.61,36.16
36.45,36.64,36.87,36.38
36.86,37.07,37.24,36.74
35.64,35.84,36.14,35.40
35.61,35.30,35.61,35.02
35.77,35.53,35.93,35.38
35.86,36.33,36.35,35.85
36.55,37.82,37.82,36.51
37.75,38.05,38.15,37.52
37.85,37.79,38.04,37.49
37.64,37.90,38.09,37.45
37.85,37.93,38.31,37.81
38.22,38.72,38.99,38.22
38.78,38.45,39.00,38.32
38.77,39.29,39.56,38.02
39.64,39.34,39.78,39.16
39.66,39.29,39.93,38.93
39.60,39.24,39.60,38.21
39.37,39.24,39.76,39.18
39.31,39.29,39.71,38.90
39.53,39.52,39.74,39.21
39.35,39.72,39.80,39.35
39.79,39.63,39.80,39.38
39.69,39.49,39.69,36.78
39.63,39.73,39.90,39.47
39.70,39.59,39.94,39.23
39.91,39.70,39.94,39.17
39.78,39.51,39.78,39.11
39.43,39.75,39.98,39.05
39.69,39.45,40.13,39.20
39.40,39.58,39.58,39.10
39.70,39.46,39.92,39.24
39.71,39.92,40.08,39.66
39.81,39.73,40.01,39.46
39.85,39.85,40.04,39.62
39.74,40.03,40.14,39.57
40.05,40.15,40.38,40.05
40.10,40.09,40.21,39.84
40.02,40.25,40.74,40.02
40.26,39.46,40.79,39.34
39.40,39.03,39.40,38.75
39.02,40.26,41.06,39.02
40.09,40.31,40.61,39.88
40.18,40.60,40.61,39.83
40.60,40.94,41.13,40.60
41.08,40.94,41.08,40.75
40.73,41.29,41.29,40.56
41.40,41.49,41.60,40.95
41.37,40.99,41.49,38.04
40.04,40.31,40.77,39.45
40.38,40.04,40.89,40.02
40.04,40.20,40.20,39.74
40.25,40.79,40.94,40.25
40.79,41.00,41.09,40.51
40.72,41.01,41.10,40.50
40.94,40.88,41.00,40.63
40.69,39.81,40.89,39.78
39.81,40.26,40.26,39.14
39.90,39.33,40.01,39.28
39.30,38.73,41.69,38.70
38.73,39.16,39.25,38.70
39.26,39.37,39.37,38.98
39.35,39.43,39.99,39.33
39.67,39.32,39.67,39.30
39.40,39.98,40.04,38.92
40.33,41.04,41.05,40.24
40.88,40.29,40.96,40.24
40.01,39.81,40.14,39.76
39.89,40.02,40.03,39.70
40.10,40.23,40.26,39.84
39.41,37.39,39.59,37.32
37.42,37.69,37.92,37.10
37.68,38.02,38.18,37.54
37.92,37.86,38.18,37.64
37.88,37.91,38.04,37.65
37.77,38.23,38.24,37.51
38.21,38.65,38.75,37.97
38.98,39.55,39.88,38.80
39.46,39.15,39.81,38.89
39.08,39.51,39.60,38.22
39.15,39.25,39.57,38.67
39.51,39.22,39.81,39.22
39.18,39.15,39.48,39.13
39.42,39.18,39.42,39.12
39.03,39.17,39.46,38.27
39.05,39.07,39.44,38.78
38.87,39.20,39.25,38.87
39.54,39.75,39.90,39.13
39.72,39.75,39.99,39.24
39.63,39.61,39.97,39.32
39.82,38.71,39.82,38.57
38.58,38.45,39.14,38.25
38.59,38.83,38.92,38.14
38.79,38.19,38.80,38.12
38.08,37.60,38.34,37.55
38.90,37.30,38.90,37.00
37.26,37.16,37.54,37.00
37.50,37.33,37.64,37.04
37.10,37.43,37.59,36.93
36.95,39.37,39.41,36.68
39.63,39.81,40.50,38.14
39.91,42.23,42.30,38.42
42.40,43.34,43.64,41.91
42.97,43.56,43.58,41.63
43.54,43.58,43.58,42.15
43.51,43.37,43.87,43.12
43.27,43.50,43.53,42.90
43.65,43.34,44.06,43.04
43.33,44.10,44.21,43.28
44.01,44.49,44.50,43.19
44.50,45.00,45.00,44.12
44.75,44.50,44.75,44.34
44.50,44.83,44.98,43.27
43.95,43.01,44.24,42.98
43.28,41.90,43.28,41.76
42.00,42.64,43.26,41.89
42.92,43.39,43.94,42.61
43.42,43.93,44.05,42.94
43.68,43.40,43.68,42.95
43.48,44.96,45.00,43.37
44.92,45.49,45.52,44.75
45.12,43.80,45.12,43.44
43.77,43.40,44.18,43.08
43.36,42.40,43.82,42.29
42.34,42.23,42.78,41.57
42.27,42.14,42.64,41.92
42.49,42.65,43.50,42.49
42.88,42.77,43.13,42.17
42.75,41.90,42.86,41.87
41.92,41.88,42.36,41.35
41.80,42.02,42.49,41.76
42.37,42.46,42.90,42.06
42.44,42.07,42.72,41.99
42.12,42.23,42.54,42.12
42.38,42.25,42.38,41.73
42.52,41.76,42.52,41.37
41.83,42.38,42.59,41.83
42.32,42.24,42.64,41.90
42.60,41.73,42.60,41.70
41.48,40.65,41.57,40.51
40.89,40.97,41.14,40.50
41.03,41.09,41.32,40.73
41.01,40.89,41.01,40.35
41.00,41.06,41.09,40.70
